{"producer":{"name":"Blender","version":"2.82 (sub 7)","exporter_version":"6.3.0","file":"snowboard.babylon"},
"autoClear":true,"clearColor":[0.0509,0.0509,0.0509],"gravity":[0,-9.81,0],
"materials":[{"name":"Cube.001_baked","id":"Cube.001_baked","customType":"BABYLON.PBRMaterial","backFaceCulling":true,"checkReadyOnlyOnce":false,"maxSimultaneousLights":4,"environmentIntensity":1,"albedo":[0.014,0.014,0.014],"reflectivity":[0.5,0.5,0.5],"roughness":0.5,"alpha":1,"transparencyMode":0,"alphaCutOff":0.4,"metallic":0},
{"name":"orange","id":"orange","customType":"BABYLON.PBRMaterial","backFaceCulling":true,"checkReadyOnlyOnce":false,"maxSimultaneousLights":4,"environmentIntensity":1,"albedo":[0.076,0.0705,0.1091],"reflectivity":[0.5,0.5,0.5],"roughness":0.5,"alpha":1,"transparencyMode":0,"alphaCutOff":0.4,"metallic":0},
{"name":"white","id":"white","customType":"BABYLON.PBRMaterial","backFaceCulling":true,"checkReadyOnlyOnce":false,"maxSimultaneousLights":4,"environmentIntensity":1,"albedo":[0.2894,0.2894,0.2894],"reflectivity":[0.5,0.5,0.5],"roughness":0.5,"alpha":1,"transparencyMode":0,"alphaCutOff":0.4,"metallic":0},
{"name":"jacket","id":"jacket","customType":"BABYLON.PBRMaterial","backFaceCulling":true,"checkReadyOnlyOnce":false,"maxSimultaneousLights":4,"environmentIntensity":1,"albedo":[0.0215,0.3113,0.8764],"reflectivity":[0.5,0.5,0.5],"roughness":0.5,"alpha":1,"transparencyMode":0,"alphaCutOff":0.4,"metallic":0},
{"name":"skin","id":"skin","customType":"BABYLON.PBRMaterial","backFaceCulling":true,"checkReadyOnlyOnce":false,"maxSimultaneousLights":4,"environmentIntensity":1,"albedo":[1,0.7125,0.5297],"reflectivity":[0.5,0.5,0.5],"roughness":0.5,"alpha":1,"transparencyMode":0,"alphaCutOff":0.4,"metallic":0},
{"name":"board","id":"board","customType":"BABYLON.PBRMaterial","backFaceCulling":true,"checkReadyOnlyOnce":false,"maxSimultaneousLights":4,"environmentIntensity":1,"albedo":[0.5126,0.2382,0.0772],"reflectivity":[0.5,0.5,0.5],"roughness":0.5,"alpha":1,"transparencyMode":0,"alphaCutOff":0.4,"metallic":0}],
"multiMaterials":[{"name":"snowboard.Multimaterial#0","id":"snowboard.Multimaterial#0","materials":["Cube.001_baked","orange","white","jacket","skin","board"]}],
"skeletons":[{"name":"Armature","id":0,"dimensionsAtRest":[0.5468,0.5742,0.1947],"bones":[
{"name":"Bone","index":0,"matrix":[1,0,0,0,0,0.8714,0.4906,0,0,0.4906,-0.8714,0,0.0172,0.4722,0.0618,1],"rest":[1,0,0,0,0,0.8714,0.4906,0,0,0.4906,-0.8714,0,0.0172,0.4722,0.0618,1],"parentBoneIndex":-1,"length":0.1801
,"animation":{"dataType":3,"framePerSecond":24,"keys":[
{"frame":0,"values":[1,0,0,0,0,0.8714,0.4906,0,0,0.4906,-0.8714,0,0.0172,0.4722,0.0618,1]},
{"frame":1,"values":[1,0.0026,0.0002,0,-0.0024,0.8713,0.4908,0,-0.0011,0.4908,-0.8713,0,0.0172,0.4724,0.0618,1]},
{"frame":2,"values":[0.9999,0.0102,0.0007,0,-0.0092,0.8708,0.4915,0,-0.0044,0.4915,-0.8709,0,0.0172,0.4728,0.0618,1]},
{"frame":3,"values":[0.9998,0.0223,0.0014,0,-0.0201,0.87,0.4926,0,-0.0097,0.4926,-0.8702,0,0.0172,0.4735,0.0618,1]},
{"frame":4,"values":[0.9993,0.0385,0.0025,0,-0.0347,0.8687,0.4941,0,-0.0169,0.4939,-0.8694,0,0.0172,0.4746,0.0618,1]},
{"frame":5,"values":[0.9983,0.0584,0.0037,0,-0.0526,0.8667,0.496,0,-0.0257,0.4953,-0.8683,0,0.0172,0.476,0.0618,1]},
{"frame":6,"values":[0.9967,0.0816,0.0052,0,-0.0733,0.864,0.4981,0,-0.0362,0.4968,-0.8671,0,0.0172,0.4779,0.0618,1]},
{"frame":7,"values":[0.9942,0.1077,0.0068,0,-0.0966,0.8603,0.5005,0,-0.048,0.4982,-0.8657,0,0.0172,0.4801,0.0618,1]},
{"frame":8,"values":[0.9907,0.1361,0.0087,0,-0.122,0.8556,0.5031,0,-0.0611,0.4994,-0.8642,0,0.0172,0.4828,0.0618,1]},
{"frame":9,"values":[0.986,0.1665,0.0106,0,-0.1489,0.8497,0.5059,0,-0.0752,0.5004,-0.8625,0,0.0172,0.486,0.0618,1]},
{"frame":10,"values":[0.98,0.1984,0.0126,0,-0.1771,0.8425,0.5088,0,-0.0903,0.5009,-0.8608,0,0.0172,0.4897,0.0618,1]},
{"frame":11,"values":[0.9728,0.2313,0.0148,0,-0.2061,0.834,0.5118,0,-0.1061,0.5009,-0.859,0,0.0172,0.4939,0.0618,1]},
{"frame":12,"values":[0.9642,0.2647,0.0169,0,-0.2353,0.8243,0.5149,0,-0.1224,0.5005,-0.8571,0,0.0172,0.4987,0.0618,1]},
{"frame":13,"values":[0.9543,0.2982,0.019,0,-0.2645,0.8134,0.5181,0,-0.1391,0.4995,-0.8551,0,0.0172,0.5041,0.0618,1]},
{"frame":14,"values":[0.9433,0.3314,0.0211,0,-0.2932,0.8014,0.5213,0,-0.1559,0.4979,-0.8531,0,0.0172,0.51,0.0618,1]},
{"frame":15,"values":[0.9312,0.3638,0.023,0,-0.321,0.7885,0.5246,0,-0.1727,0.4959,-0.851,0,0.0172,0.5167,0.0618,1]},
{"frame":16,"values":[0.9183,0.395,0.0247,0,-0.3476,0.775,0.5279,0,-0.1893,0.4933,-0.849,0,0.0172,0.5239,0.0618,1]},
{"frame":17,"values":[0.9049,0.4247,0.0263,0,-0.3726,0.761,0.5311,0,-0.2056,0.4904,-0.8469,0,0.0172,0.5319,0.0618,1]},
{"frame":18,"values":[0.8912,0.4527,0.0275,0,-0.3958,0.7468,0.5344,0,-0.2214,0.4872,-0.8448,0,0.0164,0.5406,0.0618,1]},
{"frame":19,"values":[0.8774,0.4789,0.0285,0,-0.4173,0.7326,0.5378,0,-0.2366,0.4837,-0.8426,0,0.0141,0.5498,0.0618,1]},
{"frame":20,"values":[0.8637,0.5032,0.0293,0,-0.437,0.7185,0.5411,0,-0.2513,0.4801,-0.8405,0,0.0106,0.5595,0.0618,1]},
{"frame":21,"values":[0.8501,0.5258,0.0298,0,-0.455,0.7047,0.5444,0,-0.2652,0.4763,-0.8383,0,0.0059,0.5694,0.0618,1]},
{"frame":22,"values":[0.8368,0.5467,0.0302,0,-0.4714,0.6913,0.5476,0,-0.2785,0.4724,-0.8362,0,0.0004,0.5796,0.0618,1]},
{"frame":23,"values":[0.824,0.5658,0.0304,0,-0.4862,0.6784,0.5507,0,-0.291,0.4686,-0.8341,0,-0.0058,0.5897,0.0618,1]},
{"frame":24,"values":[0.8117,0.5833,0.0305,0,-0.4995,0.6662,0.5538,0,-0.3027,0.4647,-0.8321,0,-0.0125,0.5997,0.0618,1]},
{"frame":25,"values":[0.8001,0.599,0.0305,0,-0.5113,0.6547,0.5567,0,-0.3135,0.461,-0.8302,0,-0.0195,0.6094,0.0618,1]},
{"frame":26,"values":[0.7894,0.6131,0.0304,0,-0.5218,0.644,0.5595,0,-0.3235,0.4575,-0.8283,0,-0.0267,0.6187,0.0618,1]},
{"frame":27,"values":[0.7796,0.6256,0.0302,0,-0.5308,0.6343,0.562,0,-0.3324,0.4542,-0.8266,0,-0.0337,0.6275,0.0618,1]},
{"frame":28,"values":[0.7708,0.6364,0.03,0,-0.5386,0.6257,0.5644,0,-0.3404,0.4512,-0.825,0,-0.0404,0.6355,0.0618,1]},
{"frame":29,"values":[0.7631,0.6456,0.0298,0,-0.545,0.6181,0.5664,0,-0.3473,0.4485,-0.8236,0,-0.0466,0.6427,0.0618,1]},
{"frame":30,"values":[0.7567,0.6531,0.0295,0,-0.5503,0.6118,0.5682,0,-0.3531,0.4462,-0.8223,0,-0.0521,0.6489,0.0618,1]},
{"frame":31,"values":[0.7515,0.659,0.0293,0,-0.5543,0.6068,0.5697,0,-0.3577,0.4444,-0.8213,0,-0.0568,0.654,0.0618,1]},
{"frame":32,"values":[0.7478,0.6633,0.0291,0,-0.5572,0.6031,0.5708,0,-0.361,0.443,-0.8206,0,-0.0603,0.6578,0.0618,1]},
{"frame":33,"values":[0.7455,0.6659,0.0289,0,-0.5589,0.6009,0.5714,0,-0.3631,0.4422,-0.8201,0,-0.0626,0.6601,0.0618,1]},
{"frame":34,"values":[0.7447,0.6667,0.0289,0,-0.5595,0.6002,0.5717,0,-0.3638,0.4419,-0.82,0,-0.0634,0.661,0.0618,1]},
{"frame":35,"values":[0.9343,0.3565,0.0055,0,-0.3041,0.7889,0.534,0,-0.186,0.5006,-0.8455,0,-0.0231,0.5666,0.0618,1]},
{"frame":36,"values":[1,0,0,0,0,0.8714,0.4906,0,0,0.4906,-0.8714,0,0.0172,0.4722,0.0618,1]},
{"frame":50,"values":[1,0,0,0,0,0.8714,0.4906,0,0,0.4906,-0.8714,0,0.0172,0.4722,0.0618,1]},
{"frame":69,"values":[1,-0.0015,0.0034,0,-0.0004,0.8712,0.491,0,0.0037,0.491,-0.8712,0,0.0172,0.4722,0.0618,1]},
{"frame":70,"values":[0.9999,-0.0054,0.0124,0,-0.0014,0.8706,0.4919,0,0.0134,0.4919,-0.8706,0,0.0172,0.4722,0.0618,1]},
{"frame":71,"values":[0.9996,-0.0109,0.0251,0,-0.0029,0.8699,0.4932,0,0.0272,0.4931,-0.8695,0,0.0172,0.4722,0.0618,1]},
{"frame":72,"values":[0.9991,-0.0172,0.0396,0,-0.0047,0.869,0.4947,0,0.043,0.4945,-0.8681,0,0.0172,0.4722,0.0618,1]},
{"frame":73,"values":[0.9983,-0.0236,0.0542,0,-0.0064,0.8682,0.4962,0,0.0587,0.4957,-0.8665,0,0.0172,0.4722,0.0618,1]},
{"frame":74,"values":[0.9973,-0.0291,0.0668,0,-0.008,0.8674,0.4975,0,0.0724,0.4967,-0.8649,0,0.0172,0.4722,0.0618,1]},
{"frame":75,"values":[0.9966,-0.0331,0.0757,0,-0.0091,0.8669,0.4984,0,0.0821,0.4973,-0.8637,0,0.0172,0.4722,0.0618,1]},
{"frame":76,"values":[0.9963,-0.0346,0.0791,0,-0.0095,0.8667,0.4987,0,0.0858,0.4976,-0.8632,0,0.0172,0.4722,0.0618,1]},
{"frame":77,"values":[0.9965,-0.0336,0.0769,0,-0.0093,0.8669,0.4985,0,0.0834,0.4974,-0.8635,0,0.0172,0.4722,0.0618,1]},
{"frame":78,"values":[0.997,-0.0309,0.0709,0,-0.0085,0.8672,0.4979,0,0.0769,0.497,-0.8643,0,0.0172,0.4722,0.0618,1]},
{"frame":79,"values":[0.9977,-0.027,0.0621,0,-0.0074,0.8677,0.497,0,0.0673,0.4963,-0.8655,0,0.0172,0.4722,0.0618,1]},
{"frame":80,"values":[0.9984,-0.0223,0.0514,0,-0.0061,0.8683,0.4959,0,0.0557,0.4955,-0.8668,0,0.0172,0.4722,0.0618,1]},
{"frame":81,"values":[0.9991,-0.0172,0.0396,0,-0.0047,0.869,0.4947,0,0.043,0.4945,-0.8681,0,0.0172,0.4722,0.0618,1]},
{"frame":82,"values":[0.9995,-0.0121,0.0279,0,-0.0033,0.8697,0.4935,0,0.0302,0.4934,-0.8693,0,0.0172,0.4722,0.0618,1]},
{"frame":83,"values":[0.9998,-0.0074,0.0171,0,-0.002,0.8704,0.4924,0,0.0186,0.4924,-0.8702,0,0.0172,0.4722,0.0618,1]},
{"frame":84,"values":[1,-0.0036,0.0083,0,-0.001,0.8709,0.4915,0,0.0089,0.4915,-0.8709,0,0.0172,0.4722,0.0618,1]},
{"frame":85,"values":[1,-0.001,0.0022,0,-0.0003,0.8713,0.4908,0,0.0024,0.4908,-0.8713,0,0.0172,0.4722,0.0618,1]},
{"frame":86,"values":[1,0,0,0,0,0.8714,0.4906,0,0,0.4906,-0.8714,0,0.0172,0.4722,0.0618,1]},
{"frame":100,"values":[1,0,0,0,0,0.8714,0.4906,0,0,0.4906,-0.8714,0,0.0172,0.4722,0.0618,1]},
{"frame":101,"values":[1,-0.0016,-0.0004,0,0.0016,0.8659,0.5002,0,0.0005,0.5002,-0.8659,0,0.0176,0.4626,0.0714,1]},
{"frame":102,"values":[1,-0.0072,-0.0013,0,0.0068,0.8534,0.5213,0,0.0026,0.5213,-0.8534,0,0.0183,0.4415,0.0925,1]},
{"frame":103,"values":[0.9998,-0.0179,-0.0028,0,0.0166,0.8402,0.542,0,0.0074,0.5419,-0.8404,0,0.019,0.4204,0.1137,1]},
{"frame":104,"values":[0.9994,-0.035,-0.0045,0,0.0317,0.8337,0.5513,0,0.0155,0.5511,-0.8343,0,0.0193,0.4108,0.1233,1]},
{"frame":105,"values":[0.9983,-0.0583,-0.0057,0,0.0521,0.8391,0.5415,0,0.0268,0.5409,-0.8407,0,0.019,0.4204,0.1137,1]},
{"frame":106,"values":[0.9965,-0.0828,-0.0058,0,0.0737,0.8511,0.5198,0,0.0381,0.5184,-0.8543,0,0.0183,0.4415,0.0925,1]},
{"frame":107,"values":[0.9948,-0.1021,-0.005,0,0.091,0.8625,0.4978,0,0.0465,0.4956,-0.8673,0,0.0176,0.4626,0.0714,1]},
{"frame":108,"values":[0.9939,-0.1099,-0.0044,0,0.0981,0.8675,0.4877,0,0.0498,0.4852,-0.873,0,0.0172,0.4722,0.0618,1]},
{"frame":109,"values":[0.994,-0.1097,-0.0044,0,0.0979,0.8675,0.4877,0,0.0496,0.4852,-0.873,0,0.0172,0.4722,0.0618,1]},
{"frame":110,"values":[0.994,-0.1089,-0.0044,0,0.0972,0.8676,0.4877,0,0.0493,0.4852,-0.873,0,0.0172,0.4722,0.0618,1]},
{"frame":111,"values":[0.9942,-0.1076,-0.0044,0,0.0961,0.8677,0.4878,0,0.0487,0.4853,-0.873,0,0.0172,0.4722,0.0618,1]},
{"frame":112,"values":[0.9944,-0.1059,-0.0043,0,0.0946,0.8678,0.4878,0,0.048,0.4855,-0.8729,0,0.0172,0.4722,0.0618,1]},
{"frame":113,"values":[0.9946,-0.1038,-0.0042,0,0.0927,0.868,0.4879,0,0.047,0.4856,-0.8729,0,0.0172,0.4722,0.0618,1]},
{"frame":114,"values":[0.9948,-0.1014,-0.0041,0,0.0905,0.8682,0.4879,0,0.0459,0.4858,-0.8729,0,0.0172,0.4722,0.0618,1]},
{"frame":115,"values":[0.9951,-0.0986,-0.004,0,0.088,0.8684,0.488,0,0.0447,0.486,-0.8728,0,0.0172,0.4722,0.0618,1]},
{"frame":116,"values":[0.9954,-0.0955,-0.0039,0,0.0852,0.8686,0.4881,0,0.0433,0.4862,-0.8728,0,0.0172,0.4722,0.0618,1]},
{"frame":117,"values":[0.9957,-0.0921,-0.0037,0,0.0822,0.8689,0.4882,0,0.0417,0.4864,-0.8727,0,0.0172,0.4722,0.0618,1]},
{"frame":118,"values":[0.9961,-0.0883,-0.0036,0,0.0788,0.8691,0.4883,0,0.04,0.4867,-0.8727,0,0.0172,0.4722,0.0618,1]},
{"frame":119,"values":[0.9964,-0.0843,-0.0034,0,0.0752,0.8694,0.4884,0,0.0382,0.4869,-0.8726,0,0.0172,0.4722,0.0618,1]},
{"frame":120,"values":[0.9968,-0.0799,-0.0033,0,0.0713,0.8696,0.4885,0,0.0362,0.4872,-0.8725,0,0.0172,0.4722,0.0618,1]},
{"frame":121,"values":[0.9971,-0.0755,-0.0031,0,0.0674,0.8699,0.4887,0,0.0342,0.4875,-0.8725,0,0.0172,0.4722,0.0618,1]},
{"frame":122,"values":[0.9974,-0.0713,-0.0029,0,0.0637,0.8701,0.4888,0,0.0323,0.4877,-0.8724,0,0.0172,0.4722,0.0618,1]},
{"frame":123,"values":[0.9977,-0.0675,-0.0027,0,0.0602,0.8703,0.4888,0,0.0307,0.4879,-0.8724,0,0.0172,0.4722,0.0618,1]},
{"frame":124,"values":[0.998,-0.0636,-0.0025,0,0.0567,0.8705,0.4889,0,0.0289,0.488,-0.8724,0,0.0172,0.4722,0.0618,1]},
{"frame":125,"values":[0.9983,-0.0588,-0.0023,0,0.0524,0.8707,0.489,0,0.0268,0.4883,-0.8723,0,0.0172,0.4722,0.0618,1]},
{"frame":126,"values":[0.9986,-0.0527,-0.0022,0,0.047,0.8709,0.4893,0,0.0239,0.4887,-0.8721,0,0.0172,0.4722,0.0618,1]},
{"frame":127,"values":[0.999,-0.0447,-0.0026,0,0.0399,0.8614,0.5064,0,0.0204,0.5059,-0.8623,0,0.0172,0.4676,0.0618,1]},
{"frame":128,"values":[0.9994,-0.0357,-0.0032,0,0.0317,0.8392,0.5429,0,0.0167,0.5426,-0.8398,0,0.0172,0.4574,0.0618,1]},
{"frame":129,"values":[0.9996,-0.0265,-0.0035,0,0.0236,0.8155,0.5783,0,0.0125,0.5781,-0.8158,0,0.0172,0.4472,0.0618,1]},
{"frame":130,"values":[0.9998,-0.0183,-0.003,0,0.0165,0.8043,0.594,0,0.0084,0.594,-0.8045,0,0.0172,0.4426,0.0618,1]},
{"frame":131,"values":[0.9999,-0.0118,-0.0023,0,0.0109,0.8098,0.5866,0,0.0051,0.5866,-0.8098,0,0.0178,0.4442,0.0618,1]},
{"frame":132,"values":[1,-0.007,-0.0015,0,0.0066,0.823,0.568,0,0.0027,0.568,-0.823,0,0.0183,0.4489,0.0618,1]},
{"frame":133,"values":[1,-0.0036,-0.0009,0,0.0035,0.8395,0.5433,0,0.0012,0.5433,-0.8395,0,0.0181,0.456,0.0618,1]},
{"frame":134,"values":[1,-0.0015,-0.0004,0,0.0015,0.8553,0.5182,0,0.0004,0.5182,-0.8553,0,0.0178,0.4636,0.0618,1]},
{"frame":135,"values":[1,-0.0003,-0.0001,0,0.0003,0.8669,0.4985,0,0.0001,0.4985,-0.8669,0,0.0174,0.4697,0.0618,1]},
{"frame":136,"values":[1,0,0,0,0,0.8714,0.4906,0,0,0.4906,-0.8714,0,0.0172,0.4722,0.0618,1]}],"loopBehavior":1,"name":"anim","property":"_matrix"}},
{"name":"Bone.001","index":1,"matrix":[-0.995,0.0947,0.032,0,-0.1,-0.9425,-0.3189,0,0,0.3205,-0.9472,0,0.0172,0.4722,0.0618,1],"rest":[-0.995,0.0947,0.032,0,-0.1,-0.9425,-0.3189,0,0,0.3205,-0.9472,0,0.0172,0.4722,0.0618,1],"parentBoneIndex":-1,"length":0.1289
,"animation":{"dataType":3,"framePerSecond":24,"keys":[
{"frame":0,"values":[-0.995,0.0947,0.032,0,-0.1,-0.9425,-0.3189,0,0,0.3205,-0.9472,0,0.0172,0.4722,0.0618,1]},
{"frame":1,"values":[-0.9951,0.0934,0.0325,0,-0.0989,-0.9425,-0.3191,0,-0.0008,0.3207,-0.9472,0,0.0172,0.4724,0.0618,1]},
{"frame":2,"values":[-0.9954,0.0898,0.0337,0,-0.0959,-0.9427,-0.3196,0,-0.0031,0.3214,-0.947,0,0.0173,0.4728,0.0618,1]},
{"frame":3,"values":[-0.9958,0.0841,0.0357,0,-0.0911,-0.9429,-0.3205,0,-0.0067,0.3224,-0.9466,0,0.0173,0.4736,0.0618,1]},
{"frame":4,"values":[-0.9964,0.0763,0.0381,0,-0.0845,-0.9431,-0.3217,0,-0.0113,0.3238,-0.9461,0,0.0174,0.4748,0.0619,1]},
{"frame":5,"values":[-0.9969,0.0667,0.0408,0,-0.0764,-0.9432,-0.3234,0,-0.0169,0.3255,-0.9454,0,0.0175,0.4763,0.0619,1]},
{"frame":6,"values":[-0.9975,0.0555,0.0437,0,-0.0667,-0.9432,-0.3255,0,-0.0232,0.3276,-0.9445,0,0.0176,0.4781,0.0619,1]},
{"frame":7,"values":[-0.998,0.0428,0.0467,0,-0.0558,-0.943,-0.328,0,-0.03,0.33,-0.9435,0,0.0177,0.4805,0.062,1]},
{"frame":8,"values":[-0.9984,0.0289,0.0495,0,-0.0437,-0.9426,-0.3311,0,-0.0371,0.3327,-0.9423,0,0.0178,0.4832,0.062,1]},
{"frame":9,"values":[-0.9986,0.0139,0.052,0,-0.0306,-0.9419,-0.3346,0,-0.0443,0.3357,-0.9409,0,0.0179,0.4864,0.062,1]},
{"frame":10,"values":[-0.9985,-0.002,0.054,0,-0.0165,-0.9408,-0.3385,0,-0.0515,0.3389,-0.9394,0,0.018,0.4901,0.0621,1]},
{"frame":11,"values":[-0.9983,-0.0185,0.0554,0,-0.0016,-0.9393,-0.343,0,-0.0584,0.3425,-0.9377,0,0.0181,0.4943,0.0621,1]},
{"frame":12,"values":[-0.9978,-0.0355,0.056,0,0.0139,-0.9374,-0.3479,0,-0.0649,0.3463,-0.9359,0,0.0181,0.499,0.0621,1]},
{"frame":13,"values":[-0.9971,-0.0529,0.0556,0,0.0299,-0.935,-0.3533,0,-0.0707,0.3506,-0.9339,0,0.0182,0.5042,0.0621,1]},
{"frame":14,"values":[-0.9961,-0.0702,0.0541,0,0.0462,-0.9322,-0.3591,0,-0.0757,0.3551,-0.9317,0,0.0182,0.5101,0.062,1]},
{"frame":15,"values":[-0.9948,-0.0875,0.0513,0,0.0628,-0.9288,-0.3652,0,-0.0796,0.3601,-0.9295,0,0.0182,0.5165,0.062,1]},
{"frame":16,"values":[-0.9934,-0.1043,0.0471,0,0.0795,-0.9249,-0.3718,0,-0.0823,0.3656,-0.9271,0,0.0182,0.5235,0.0619,1]},
{"frame":17,"values":[-0.9918,-0.1206,0.0412,0,0.0962,-0.9205,-0.3787,0,-0.0836,0.3716,-0.9246,0,0.0182,0.5312,0.0618,1]},
{"frame":18,"values":[-0.9902,-0.1356,0.0323,0,0.1128,-0.9157,-0.3856,0,-0.0819,0.3782,-0.9221,0,0.0173,0.5395,0.0617,1]},
{"frame":19,"values":[-0.9887,-0.1488,0.0194,0,0.1294,-0.9106,-0.3925,0,-0.0761,0.3855,-0.9196,0,0.015,0.5485,0.0616,1]},
{"frame":20,"values":[-0.9871,-0.1602,0.0031,0,0.1457,-0.9053,-0.399,0,-0.0667,0.3933,-0.917,0,0.0113,0.5581,0.0616,1]},
{"frame":21,"values":[-0.9853,-0.17,-0.016,0,0.1618,-0.8999,-0.405,0,-0.0544,0.4017,-0.9142,0,0.0067,0.5679,0.0615,1]},
{"frame":22,"values":[-0.9833,-0.1781,-0.0374,0,0.1776,-0.8944,-0.4105,0,-0.0397,0.4103,-0.9111,0,0.0011,0.578,0.0615,1]},
{"frame":23,"values":[-0.981,-0.1846,-0.0603,0,0.1929,-0.8889,-0.4154,0,-0.0231,0.4192,-0.9076,0,-0.0051,0.5882,0.0615,1]},
{"frame":24,"values":[-0.9782,-0.1898,-0.0843,0,0.2076,-0.8836,-0.4197,0,-0.0052,0.4281,-0.9037,0,-0.0118,0.5983,0.0615,1]},
{"frame":25,"values":[-0.9751,-0.1935,-0.1086,0,0.2215,-0.8785,-0.4233,0,0.0135,0.4368,-0.8994,0,-0.0189,0.6081,0.0615,1]},
{"frame":26,"values":[-0.9715,-0.1961,-0.1328,0,0.2346,-0.8736,-0.4263,0,0.0324,0.4453,-0.8948,0,-0.026,0.6175,0.0616,1]},
{"frame":27,"values":[-0.9678,-0.1977,-0.1561,0,0.2467,-0.8692,-0.4286,0,0.051,0.4533,-0.8899,0,-0.033,0.6264,0.0616,1]},
{"frame":28,"values":[-0.9638,-0.1984,-0.1781,0,0.2576,-0.8651,-0.4303,0,0.0687,0.4607,-0.8849,0,-0.0397,0.6345,0.0616,1]},
{"frame":29,"values":[-0.9599,-0.1985,-0.1981,0,0.2672,-0.8616,-0.4316,0,0.0851,0.4672,-0.88,0,-0.0459,0.6419,0.0617,1]},
{"frame":30,"values":[-0.9562,-0.1981,-0.2157,0,0.2754,-0.8586,-0.4325,0,0.0995,0.4729,-0.8755,0,-0.0514,0.6482,0.0617,1]},
{"frame":31,"values":[-0.9529,-0.1974,-0.2302,0,0.282,-0.8561,-0.433,0,0.1116,0.4776,-0.8715,0,-0.056,0.6534,0.0617,1]},
{"frame":32,"values":[-0.9503,-0.1967,-0.2413,0,0.2868,-0.8544,-0.4333,0,0.1209,0.481,-0.8683,0,-0.0596,0.6573,0.0618,1]},
{"frame":33,"values":[-0.9486,-0.1961,-0.2483,0,0.2899,-0.8533,-0.4335,0,0.1268,0.4832,-0.8663,0,-0.0619,0.6598,0.0618,1]},
{"frame":34,"values":[-0.948,-0.1959,-0.2507,0,0.2909,-0.8529,-0.4335,0,0.1289,0.4839,-0.8656,0,-0.0627,0.6606,0.0618,1]},
{"frame":35,"values":[-0.9929,-0.0573,-0.1047,0,0.0941,-0.9154,-0.3913,0,0.0734,0.3984,-0.9143,0,-0.0227,0.5664,0.0618,1]},
{"frame":36,"values":[-0.995,0.0947,0.032,0,-0.1,-0.9425,-0.3189,0,0,0.3205,-0.9472,0,0.0172,0.4722,0.0618,1]},
{"frame":50,"values":[-0.995,0.0947,0.032,0,-0.1,-0.9425,-0.3189,0,0,0.3205,-0.9472,0,0.0172,0.4722,0.0618,1]},
{"frame":51,"values":[-0.995,0.0947,0.0321,0,-0.1,-0.9422,-0.3197,0,0,0.3213,-0.947,0,0.0172,0.4722,0.0618,1]},
{"frame":52,"values":[-0.995,0.0946,0.0323,0,-0.1,-0.9415,-0.3218,0,0,0.3234,-0.9463,0,0.0172,0.4722,0.0618,1]},
{"frame":53,"values":[-0.995,0.0945,0.0326,0,-0.1,-0.9405,-0.3248,0,0,0.3265,-0.9452,0,0.0172,0.4722,0.0618,1]},
{"frame":54,"values":[-0.995,0.0944,0.033,0,-0.1,-0.9391,-0.3287,0,0,0.3303,-0.9439,0,0.0172,0.4722,0.0618,1]},
{"frame":55,"values":[-0.995,0.0942,0.0334,0,-0.1,-0.9376,-0.3329,0,0,0.3346,-0.9424,0,0.0172,0.4722,0.0618,1]},
{"frame":56,"values":[-0.995,0.094,0.0339,0,-0.1,-0.9361,-0.3373,0,0,0.339,-0.9408,0,0.0172,0.4722,0.0618,1]},
{"frame":57,"values":[-0.995,0.0939,0.0343,0,-0.1,-0.9345,-0.3416,0,0,0.3433,-0.9392,0,0.0172,0.4722,0.0618,1]},
{"frame":58,"values":[-0.995,0.0937,0.0347,0,-0.1,-0.9331,-0.3454,0,0,0.3471,-0.9378,0,0.0172,0.4722,0.0618,1]},
{"frame":59,"values":[-0.995,0.0936,0.035,0,-0.1,-0.932,-0.3484,0,0,0.3502,-0.9367,0,0.0172,0.4722,0.0618,1]},
{"frame":60,"values":[-0.995,0.0936,0.0352,0,-0.1,-0.9312,-0.3505,0,0,0.3522,-0.9359,0,0.0172,0.4722,0.0618,1]},
{"frame":61,"values":[-0.995,0.0935,0.0353,0,-0.1,-0.9309,-0.3512,0,0,0.353,-0.9356,0,0.0172,0.4722,0.0618,1]},
{"frame":62,"values":[-0.995,0.0937,0.0337,0,-0.0996,-0.9312,-0.3508,0,0.0015,0.3524,-0.9359,0,0.0172,0.4722,0.0618,1]},
{"frame":63,"values":[-0.9951,0.0941,0.0296,0,-0.0985,-0.9317,-0.3495,0,0.0053,0.3507,-0.9365,0,0.0172,0.4722,0.0618,1]},
{"frame":64,"values":[-0.9952,0.0947,0.0239,0,-0.0971,-0.9327,-0.3474,0,0.0106,0.3481,-0.9374,0,0.0172,0.4722,0.0618,1]},
{"frame":65,"values":[-0.9953,0.0953,0.0178,0,-0.0955,-0.9339,-0.3445,0,0.0162,0.3446,-0.9386,0,0.0172,0.4722,0.0618,1]},
{"frame":66,"values":[-0.9953,0.0958,0.0121,0,-0.0942,-0.9354,-0.3409,0,0.0213,0.3405,-0.94,0,0.0172,0.4722,0.0618,1]},
{"frame":67,"values":[-0.9953,0.0961,0.008,0,-0.0932,-0.937,-0.3366,0,0.0249,0.3358,-0.9416,0,0.0172,0.4722,0.0618,1]},
{"frame":68,"values":[-0.9953,0.0962,0.0064,0,-0.0929,-0.9388,-0.3317,0,0.0259,0.3308,-0.9434,0,0.0172,0.4722,0.0618,1]},
{"frame":69,"values":[-0.9953,0.0961,0.0065,0,-0.093,-0.9407,-0.3262,0,0.0252,0.3253,-0.9453,0,0.0172,0.4722,0.0618,1]},
{"frame":70,"values":[-0.9953,0.0961,0.0069,0,-0.0932,-0.9427,-0.3205,0,0.0243,0.3196,-0.9472,0,0.0172,0.4722,0.0618,1]},
{"frame":71,"values":[-0.9953,0.0961,0.0076,0,-0.0936,-0.9445,-0.3148,0,0.0231,0.314,-0.9491,0,0.0172,0.4722,0.0618,1]},
{"frame":72,"values":[-0.9953,0.096,0.0085,0,-0.0939,-0.9463,-0.3094,0,0.0217,0.3088,-0.9509,0,0.0172,0.4722,0.0618,1]},
{"frame":73,"values":[-0.9953,0.096,0.0097,0,-0.0944,-0.9478,-0.3047,0,0.0201,0.3042,-0.9524,0,0.0172,0.4722,0.0618,1]},
{"frame":74,"values":[-0.9953,0.096,0.0111,0,-0.0949,-0.9489,-0.3009,0,0.0183,0.3005,-0.9536,0,0.0172,0.4722,0.0618,1]},
{"frame":75,"values":[-0.9953,0.0959,0.0128,0,-0.0954,-0.9497,-0.2984,0,0.0165,0.2982,-0.9544,0,0.0172,0.4722,0.0618,1]},
{"frame":76,"values":[-0.9953,0.0959,0.0147,0,-0.0959,-0.9499,-0.2975,0,0.0146,0.2975,-0.9546,0,0.0172,0.4722,0.0618,1]},
{"frame":77,"values":[-0.9953,0.0958,0.0168,0,-0.0965,-0.9497,-0.2981,0,0.0126,0.2983,-0.9544,0,0.0172,0.4722,0.0618,1]},
{"frame":78,"values":[-0.9952,0.0957,0.0191,0,-0.097,-0.9491,-0.2997,0,0.0106,0.3001,-0.9538,0,0.0172,0.4722,0.0618,1]},
{"frame":79,"values":[-0.9952,0.0956,0.0214,0,-0.0976,-0.9483,-0.3021,0,0.0086,0.3028,-0.953,0,0.0172,0.4722,0.0618,1]},
{"frame":80,"values":[-0.9952,0.0954,0.0237,0,-0.0981,-0.9473,-0.305,0,0.0066,0.3059,-0.952,0,0.0172,0.4722,0.0618,1]},
{"frame":81,"values":[-0.9951,0.0952,0.0259,0,-0.0986,-0.9462,-0.3082,0,0.0049,0.3093,-0.951,0,0.0172,0.4722,0.0618,1]},
{"frame":82,"values":[-0.9951,0.0951,0.0279,0,-0.099,-0.9451,-0.3114,0,0.0033,0.3126,-0.9499,0,0.0172,0.4722,0.0618,1]},
{"frame":83,"values":[-0.995,0.0949,0.0296,0,-0.0994,-0.9441,-0.3143,0,0.0019,0.3157,-0.9489,0,0.0172,0.4722,0.0618,1]},
{"frame":84,"values":[-0.995,0.0948,0.0309,0,-0.0997,-0.9433,-0.3167,0,0.0009,0.3182,-0.948,0,0.0172,0.4722,0.0618,1]},
{"frame":85,"values":[-0.995,0.0947,0.0317,0,-0.0999,-0.9427,-0.3183,0,0.0002,0.3199,-0.9474,0,0.0172,0.4722,0.0618,1]},
{"frame":86,"values":[-0.995,0.0947,0.032,0,-0.1,-0.9425,-0.3189,0,0,0.3205,-0.9472,0,0.0172,0.4722,0.0618,1]},
{"frame":100,"values":[-0.995,0.0947,0.032,0,-0.1,-0.9425,-0.3189,0,0,0.3205,-0.9472,0,0.0172,0.4722,0.0618,1]},
{"frame":101,"values":[-0.9949,0.0933,0.0387,0,-0.101,-0.9153,-0.3898,0,0.0009,0.3917,-0.9201,0,0.0172,0.4612,0.0718,1]},
{"frame":102,"values":[-0.9947,0.0885,0.0531,0,-0.1032,-0.8363,-0.5384,0,0.0032,0.541,-0.841,0,0.0172,0.4368,0.0937,1]},
{"frame":103,"values":[-0.9945,0.0813,0.0665,0,-0.1049,-0.7334,-0.6716,0,0.0058,0.6749,-0.7379,0,0.0172,0.4125,0.1156,1]},
{"frame":104,"values":[-0.9944,0.0774,0.0721,0,-0.1055,-0.6799,-0.7256,0,0.0071,0.7292,-0.6843,0,0.0172,0.4014,0.1256,1]},
{"frame":105,"values":[-0.9945,0.0813,0.0665,0,-0.1049,-0.7334,-0.6716,0,0.0058,0.6749,-0.7379,0,0.0172,0.4125,0.1156,1]},
{"frame":106,"values":[-0.9947,0.0885,0.0531,0,-0.1032,-0.8363,-0.5384,0,0.0032,0.541,-0.841,0,0.0172,0.4368,0.0937,1]},
{"frame":107,"values":[-0.9949,0.0933,0.0387,0,-0.101,-0.9153,-0.3898,0,0.0009,0.3917,-0.9201,0,0.0172,0.4612,0.0718,1]},
{"frame":108,"values":[-0.995,0.0947,0.032,0,-0.1,-0.9425,-0.3189,0,0,0.3205,-0.9472,0,0.0172,0.4722,0.0618,1]},
{"frame":109,"values":[-0.995,0.0943,0.0332,0,-0.1,-0.9384,-0.3306,0,0,0.3323,-0.9432,0,0.0172,0.4722,0.0618,1]},
{"frame":110,"values":[-0.995,0.0932,0.0361,0,-0.1,-0.9277,-0.3598,0,0,0.3616,-0.9323,0,0.0172,0.4722,0.0618,1]},
{"frame":111,"values":[-0.995,0.0917,0.0399,0,-0.1,-0.9123,-0.3971,0,0,0.3991,-0.9169,0,0.0172,0.4722,0.0618,1]},
{"frame":112,"values":[-0.995,0.09,0.0436,0,-0.1,-0.8955,-0.4338,0,0,0.4359,-0.9,0,0.0172,0.4722,0.0618,1]},
{"frame":113,"values":[-0.995,0.0886,0.0464,0,-0.1,-0.8815,-0.4615,0,0,0.4638,-0.8859,0,0.0172,0.4722,0.0618,1]},
{"frame":114,"values":[-0.995,0.088,0.0475,0,-0.1,-0.8757,-0.4724,0,0,0.4748,-0.8801,0,0.0172,0.4722,0.0618,1]},
{"frame":115,"values":[-0.995,0.088,0.0474,0,-0.1,-0.876,-0.4718,0,0,0.4742,-0.8804,0,0.0172,0.4722,0.0618,1]},
{"frame":116,"values":[-0.995,0.0881,0.0472,0,-0.1,-0.8769,-0.4702,0,0,0.4725,-0.8813,0,0.0172,0.4722,0.0618,1]},
{"frame":117,"values":[-0.995,0.0882,0.047,0,-0.1,-0.8783,-0.4676,0,0,0.47,-0.8827,0,0.0172,0.4722,0.0618,1]},
{"frame":118,"values":[-0.995,0.0884,0.0467,0,-0.1,-0.88,-0.4644,0,0,0.4668,-0.8844,0,0.0172,0.4722,0.0618,1]},
{"frame":119,"values":[-0.995,0.0886,0.0463,0,-0.1,-0.8819,-0.4607,0,0,0.4631,-0.8863,0,0.0172,0.4722,0.0618,1]},
{"frame":120,"values":[-0.995,0.0888,0.0459,0,-0.1,-0.884,-0.4567,0,0,0.459,-0.8885,0,0.0172,0.4722,0.0618,1]},
{"frame":121,"values":[-0.995,0.0891,0.0454,0,-0.1,-0.8866,-0.4516,0,0,0.4538,-0.8911,0,0.0172,0.4722,0.0618,1]},
{"frame":122,"values":[-0.995,0.0894,0.0447,0,-0.1,-0.8901,-0.4447,0,0,0.447,-0.8946,0,0.0172,0.4722,0.0618,1]},
{"frame":123,"values":[-0.995,0.0899,0.0438,0,-0.1,-0.8944,-0.4359,0,0,0.4381,-0.8989,0,0.0172,0.4722,0.0618,1]},
{"frame":124,"values":[-0.995,0.0903,0.0429,0,-0.1,-0.8988,-0.4267,0,0,0.4289,-0.9034,0,0.0172,0.4722,0.0618,1]},
{"frame":125,"values":[-0.995,0.0906,0.0422,0,-0.1,-0.9022,-0.4196,0,0,0.4217,-0.9067,0,0.0172,0.4722,0.0618,1]},
{"frame":126,"values":[-0.995,0.0908,0.0419,0,-0.1,-0.9035,-0.4167,0,0,0.4188,-0.9081,0,0.0172,0.4722,0.0618,1]},
{"frame":127,"values":[-0.995,0.0892,0.0452,0,-0.1,-0.8876,-0.4496,0,0,0.4519,-0.8921,0,0.0172,0.4663,0.0618,1]},
{"frame":128,"values":[-0.995,0.0852,0.0522,0,-0.1,-0.8483,-0.52,0,0,0.5227,-0.8525,0,0.0172,0.4532,0.0618,1]},
{"frame":129,"values":[-0.995,0.0807,0.059,0,-0.1,-0.8034,-0.587,0,0,0.59,-0.8074,0,0.0172,0.44,0.0618,1]},
{"frame":130,"values":[-0.995,0.0785,0.0619,0,-0.1,-0.7813,-0.6162,0,0,0.6193,-0.7852,0,0.0172,0.4341,0.0618,1]},
{"frame":131,"values":[-0.995,0.08,0.0599,0,-0.1,-0.7965,-0.5963,0,0,0.5993,-0.8005,0,0.0172,0.4369,0.0618,1]},
{"frame":132,"values":[-0.995,0.0836,0.0547,0,-0.1,-0.8326,-0.5448,0,0,0.5475,-0.8368,0,0.0172,0.444,0.0618,1]},
{"frame":133,"values":[-0.995,0.0879,0.0477,0,-0.1,-0.8746,-0.4744,0,0,0.4768,-0.879,0,0.0172,0.4532,0.0618,1]},
{"frame":134,"values":[-0.995,0.0915,0.0403,0,-0.1,-0.9107,-0.4008,0,0,0.4029,-0.9153,0,0.0172,0.4624,0.0618,1]},
{"frame":135,"values":[-0.995,0.0939,0.0344,0,-0.1,-0.9342,-0.3426,0,0,0.3443,-0.9389,0,0.0172,0.4694,0.0618,1]},
{"frame":136,"values":[-0.995,0.0947,0.032,0,-0.1,-0.9425,-0.3189,0,0,0.3205,-0.9472,0,0.0172,0.4722,0.0618,1]}],"loopBehavior":1,"name":"anim","property":"_matrix"}},
{"name":"Bone.002","index":2,"matrix":[0.9989,0.0434,0.0171,0,-0.0367,0.9579,-0.2847,0,-0.0287,0.2838,0.9585,0,0,0.1289,0,1],"rest":[0.9989,0.0434,0.0171,0,-0.0367,0.9579,-0.2847,0,-0.0287,0.2838,0.9585,0,0,0.1289,0,1],"parentBoneIndex":1,"length":0.0829
,"animation":{"dataType":3,"framePerSecond":24,"keys":[
{"frame":0,"values":[0.9989,0.0434,0.0171,0,-0.0367,0.9579,-0.2847,0,-0.0287,0.2838,0.9585,0,0,0.1289,0,1]},
{"frame":1,"values":[0.9988,0.0468,0.0152,0,-0.0406,0.958,-0.2839,0,-0.0278,0.2829,0.9587,0,0,0.1289,0,1]},
{"frame":2,"values":[0.9984,0.0565,0.0098,0,-0.0515,0.9582,-0.2815,0,-0.0253,0.2805,0.9595,0,0,0.1289,0,1]},
{"frame":3,"values":[0.9974,0.0721,0.0012,0,-0.0689,0.9582,-0.2777,0,-0.0212,0.2769,0.9607,0,0,0.1289,0,1]},
{"frame":4,"values":[0.9956,0.0928,-0.0099,0,-0.092,0.9578,-0.2725,0,-0.0158,0.2722,0.9621,0,0,0.1289,0,1]},
{"frame":5,"values":[0.9927,0.1181,-0.0232,0,-0.12,0.9565,-0.2659,0,-0.0092,0.2667,0.9637,0,0,0.1289,0,1]},
{"frame":6,"values":[0.9884,0.1473,-0.0382,0,-0.1522,0.9541,-0.2579,0,-0.0015,0.2608,0.9654,0,0,0.1289,0,1]},
{"frame":7,"values":[0.9822,0.1797,-0.0545,0,-0.1877,0.9502,-0.2488,0,0.007,0.2546,0.967,0,0,0.1289,0,1]},
{"frame":8,"values":[0.9741,0.2147,-0.0714,0,-0.2257,0.9446,-0.2384,0,0.0162,0.2484,0.9685,0,0,0.1289,0,1]},
{"frame":9,"values":[0.9638,0.2514,-0.0886,0,-0.2653,0.937,-0.2272,0,0.0259,0.2425,0.9698,0,0,0.1289,0,1]},
{"frame":10,"values":[0.9514,0.2892,-0.1056,0,-0.3058,0.9275,-0.2152,0,0.0357,0.237,0.9708,0,0,0.1289,0,1]},
{"frame":11,"values":[0.9371,0.3272,-0.122,0,-0.3462,0.916,-0.2028,0,0.0454,0.2322,0.9716,0,0,0.1289,0,1]},
{"frame":12,"values":[0.921,0.3646,-0.1374,0,-0.3858,0.9028,-0.1903,0,0.0547,0.2283,0.9721,0,0,0.1289,0,1]},
{"frame":13,"values":[0.9036,0.4008,-0.1515,0,-0.4238,0.8881,-0.1782,0,0.0631,0.2252,0.9723,0,0,0.1289,0,1]},
{"frame":14,"values":[0.8854,0.435,-0.164,0,-0.4595,0.8723,-0.1669,0,0.0705,0.2231,0.9722,0,0,0.1289,0,1]},
{"frame":15,"values":[0.8669,0.4668,-0.1748,0,-0.4925,0.856,-0.1568,0,0.0764,0.2221,0.972,0,0,0.1289,0,1]},
{"frame":16,"values":[0.849,0.4955,-0.1836,0,-0.5222,0.8397,-0.1486,0,0.0806,0.2221,0.9717,0,0,0.1289,0,1]},
{"frame":17,"values":[0.8322,0.5207,-0.1904,0,-0.5482,0.8241,-0.1427,0,0.0826,0.2231,0.9713,0,0,0.1289,0,1]},
{"frame":18,"values":[0.8169,0.5426,-0.1957,0,-0.5707,0.8094,-0.1382,0,0.0834,0.2246,0.9709,0,0,0.1289,0,1]},
{"frame":19,"values":[0.8028,0.5616,-0.2003,0,-0.5903,0.796,-0.1342,0,0.084,0.2259,0.9705,0,0,0.1289,0,1]},
{"frame":20,"values":[0.79,0.5781,-0.2042,0,-0.6072,0.7837,-0.1305,0,0.0846,0.2271,0.9702,0,0,0.1289,0,1]},
{"frame":21,"values":[0.7786,0.5923,-0.2075,0,-0.6218,0.7728,-0.1272,0,0.0851,0.2281,0.9699,0,0,0.1289,0,1]},
{"frame":22,"values":[0.7684,0.6044,-0.2104,0,-0.6342,0.7631,-0.1243,0,0.0854,0.2289,0.9697,0,0,0.1289,0,1]},
{"frame":23,"values":[0.7596,0.6146,-0.2127,0,-0.6447,0.7547,-0.1218,0,0.0856,0.2296,0.9695,0,0,0.1289,0,1]},
{"frame":24,"values":[0.7521,0.6232,-0.2145,0,-0.6535,0.7474,-0.1197,0,0.0857,0.2302,0.9694,0,0,0.1289,0,1]},
{"frame":25,"values":[0.7457,0.6303,-0.2159,0,-0.6607,0.7413,-0.118,0,0.0857,0.2306,0.9693,0,0,0.1289,0,1]},
{"frame":26,"values":[0.7405,0.6361,-0.2169,0,-0.6666,0.7363,-0.1166,0,0.0855,0.2309,0.9692,0,0,0.1289,0,1]},
{"frame":27,"values":[0.7363,0.6407,-0.2175,0,-0.6712,0.7322,-0.1156,0,0.0852,0.2311,0.9692,0,0,0.1289,0,1]},
{"frame":28,"values":[0.7331,0.6443,-0.2177,0,-0.6748,0.729,-0.1149,0,0.0847,0.2312,0.9692,0,0,0.1289,0,1]},
{"frame":29,"values":[0.7307,0.6471,-0.2177,0,-0.6775,0.7265,-0.1145,0,0.084,0.2312,0.9693,0,0,0.1289,0,1]},
{"frame":30,"values":[0.729,0.6491,-0.2173,0,-0.6795,0.7247,-0.1144,0,0.0832,0.2311,0.9694,0,0,0.1289,0,1]},
{"frame":31,"values":[0.7279,0.6506,-0.2166,0,-0.6808,0.7235,-0.1146,0,0.0821,0.2309,0.9695,0,0,0.1289,0,1]},
{"frame":32,"values":[0.7273,0.6516,-0.2156,0,-0.6816,0.7227,-0.115,0,0.0809,0.2306,0.9697,0,0,0.1289,0,1]},
{"frame":33,"values":[0.727,0.6523,-0.2144,0,-0.682,0.7222,-0.1156,0,0.0794,0.2303,0.9699,0,0,0.1289,0,1]},
{"frame":34,"values":[0.727,0.6527,-0.2129,0,-0.6822,0.7219,-0.1164,0,0.0777,0.2299,0.9701,0,0,0.1289,0,1]},
{"frame":35,"values":[0.9236,0.3666,-0.1117,0,-0.3828,0.8967,-0.2224,0,0.0186,0.2481,0.9685,0,0,0.1289,0,1]},
{"frame":36,"values":[0.9989,0.0434,0.0171,0,-0.0367,0.9579,-0.2847,0,-0.0287,0.2838,0.9585,0,0,0.1289,0,1]},
{"frame":50,"values":[0.9989,0.0434,0.0171,0,-0.0367,0.9579,-0.2847,0,-0.0287,0.2838,0.9585,0,0,0.1289,0,1]},
{"frame":51,"values":[0.9989,0.0434,0.0172,0,-0.0367,0.9576,-0.2858,0,-0.0288,0.2848,0.9581,0,0,0.1289,0,1]},
{"frame":52,"values":[0.9989,0.0435,0.0173,0,-0.0366,0.9567,-0.2887,0,-0.0291,0.2877,0.9573,0,0,0.1289,0,1]},
{"frame":53,"values":[0.9989,0.0435,0.0176,0,-0.0365,0.9554,-0.293,0,-0.0296,0.292,0.9559,0,0,0.1289,0,1]},
{"frame":54,"values":[0.9989,0.0436,0.0179,0,-0.0363,0.9538,-0.2984,0,-0.0301,0.2974,0.9543,0,0,0.1289,0,1]},
{"frame":55,"values":[0.9989,0.0437,0.0183,0,-0.0361,0.9519,-0.3043,0,-0.0307,0.3033,0.9524,0,0,0.1289,0,1]},
{"frame":56,"values":[0.9989,0.0439,0.0186,0,-0.0359,0.9499,-0.3105,0,-0.0313,0.3095,0.9504,0,0,0.1289,0,1]},
{"frame":57,"values":[0.9989,0.044,0.019,0,-0.0357,0.9479,-0.3164,0,-0.0319,0.3154,0.9484,0,0,0.1289,0,1]},
{"frame":58,"values":[0.9988,0.0441,0.0193,0,-0.0356,0.9462,-0.3218,0,-0.0324,0.3207,0.9466,0,0,0.1289,0,1]},
{"frame":59,"values":[0.9988,0.0442,0.0195,0,-0.0354,0.9447,-0.326,0,-0.0329,0.325,0.9452,0,0,0.1289,0,1]},
{"frame":60,"values":[0.9988,0.0442,0.0197,0,-0.0353,0.9437,-0.3289,0,-0.0332,0.3278,0.9442,0,0,0.1289,0,1]},
{"frame":61,"values":[0.9988,0.0443,0.0198,0,-0.0353,0.9433,-0.33,0,-0.0333,0.3289,0.9438,0,0,0.1289,0,1]},
{"frame":62,"values":[0.9988,0.0443,0.0198,0,-0.0353,0.9434,-0.3298,0,-0.0332,0.3287,0.9439,0,0,0.1289,0,1]},
{"frame":63,"values":[0.9988,0.0442,0.0197,0,-0.0353,0.9436,-0.3291,0,-0.0332,0.3281,0.9441,0,0,0.1289,0,1]},
{"frame":64,"values":[0.9988,0.0442,0.0197,0,-0.0353,0.944,-0.3282,0,-0.0331,0.3271,0.9444,0,0,0.1289,0,1]},
{"frame":65,"values":[0.9988,0.0442,0.0196,0,-0.0354,0.9444,-0.3269,0,-0.0329,0.3258,0.9449,0,0,0.1289,0,1]},
{"frame":66,"values":[0.9988,0.0442,0.0195,0,-0.0354,0.945,-0.3253,0,-0.0328,0.3242,0.9454,0,0,0.1289,0,1]},
{"frame":67,"values":[0.9988,0.0441,0.0194,0,-0.0355,0.9456,-0.3234,0,-0.0326,0.3224,0.9461,0,0,0.1289,0,1]},
{"frame":68,"values":[0.9988,0.0441,0.0193,0,-0.0356,0.9463,-0.3214,0,-0.0324,0.3203,0.9468,0,0,0.1289,0,1]},
{"frame":69,"values":[0.9988,0.044,0.0191,0,-0.0356,0.9471,-0.3191,0,-0.0322,0.318,0.9475,0,0,0.1289,0,1]},
{"frame":70,"values":[0.9989,0.044,0.019,0,-0.0357,0.9479,-0.3167,0,-0.0319,0.3156,0.9483,0,0,0.1289,0,1]},
{"frame":71,"values":[0.9989,0.0439,0.0188,0,-0.0358,0.9487,-0.3141,0,-0.0317,0.3131,0.9492,0,0,0.1289,0,1]},
{"frame":72,"values":[0.9989,0.0439,0.0187,0,-0.0359,0.9496,-0.3115,0,-0.0314,0.3104,0.9501,0,0,0.1289,0,1]},
{"frame":73,"values":[0.9989,0.0438,0.0185,0,-0.036,0.9505,-0.3088,0,-0.0311,0.3078,0.951,0,0,0.1289,0,1]},
{"frame":74,"values":[0.9989,0.0438,0.0184,0,-0.0361,0.9513,-0.3061,0,-0.0309,0.3051,0.9518,0,0,0.1289,0,1]},
{"frame":75,"values":[0.9989,0.0437,0.0182,0,-0.0362,0.9522,-0.3034,0,-0.0306,0.3024,0.9527,0,0,0.1289,0,1]},
{"frame":76,"values":[0.9989,0.0437,0.018,0,-0.0362,0.953,-0.3007,0,-0.0303,0.2997,0.9535,0,0,0.1289,0,1]},
{"frame":77,"values":[0.9989,0.0436,0.0179,0,-0.0363,0.9538,-0.2981,0,-0.0301,0.2972,0.9544,0,0,0.1289,0,1]},
{"frame":78,"values":[0.9989,0.0436,0.0177,0,-0.0364,0.9546,-0.2957,0,-0.0298,0.2947,0.9551,0,0,0.1289,0,1]},
{"frame":79,"values":[0.9989,0.0435,0.0176,0,-0.0365,0.9553,-0.2934,0,-0.0296,0.2924,0.9558,0,0,0.1289,0,1]},
{"frame":80,"values":[0.9989,0.0435,0.0175,0,-0.0365,0.9559,-0.2913,0,-0.0294,0.2904,0.9565,0,0,0.1289,0,1]},
{"frame":81,"values":[0.9989,0.0435,0.0174,0,-0.0366,0.9565,-0.2894,0,-0.0292,0.2885,0.957,0,0,0.1289,0,1]},
{"frame":82,"values":[0.9989,0.0434,0.0173,0,-0.0366,0.957,-0.2878,0,-0.029,0.2869,0.9575,0,0,0.1289,0,1]},
{"frame":83,"values":[0.9989,0.0434,0.0172,0,-0.0367,0.9574,-0.2865,0,-0.0289,0.2856,0.9579,0,0,0.1289,0,1]},
{"frame":84,"values":[0.9989,0.0434,0.0171,0,-0.0367,0.9577,-0.2855,0,-0.0288,0.2846,0.9582,0,0,0.1289,0,1]},
{"frame":85,"values":[0.9989,0.0434,0.0171,0,-0.0367,0.9579,-0.2849,0,-0.0287,0.284,0.9584,0,0,0.1289,0,1]},
{"frame":86,"values":[0.9989,0.0434,0.0171,0,-0.0367,0.9579,-0.2847,0,-0.0287,0.2838,0.9585,0,0,0.1289,0,1]},
{"frame":100,"values":[0.9989,0.0434,0.0171,0,-0.0367,0.9579,-0.2847,0,-0.0287,0.2838,0.9585,0,0,0.1289,0,1]},
{"frame":101,"values":[0.9987,0.045,0.0229,0,-0.0336,0.9317,-0.3616,0,-0.0376,0.3604,0.932,0,0,0.1289,0,1]},
{"frame":102,"values":[0.9982,0.0484,0.0361,0,-0.0224,0.8519,-0.5232,0,-0.0561,0.5214,0.8514,0,0,0.1289,0,1]},
{"frame":103,"values":[0.9975,0.0501,0.0507,0,-0.0035,0.7446,-0.6676,0,-0.0712,0.6657,0.7428,0,0,0.1289,0,1]},
{"frame":104,"values":[0.9971,0.0423,0.0629,0,0.0165,0.6884,-0.7251,0,-0.074,0.7241,0.6857,0,0,0.1289,0,1]},
{"frame":105,"values":[0.9974,0.0157,0.0698,0,0.0349,0.745,-0.6662,0,-0.0625,0.6669,0.7425,0,0,0.1289,0,1]},
{"frame":106,"values":[0.9975,-0.0224,0.0675,0,0.0544,0.8515,-0.5215,0,-0.0458,0.5238,0.8506,0,0,0.1289,0,1]},
{"frame":107,"values":[0.9969,-0.0551,0.0568,0,0.0719,0.93,-0.3604,0,-0.033,0.3634,0.9311,0,0,0.1289,0,1]},
{"frame":108,"values":[0.9964,-0.0682,0.0499,0,0.0796,0.9555,-0.284,0,-0.0283,0.2869,0.9575,0,0,0.1289,0,1]},
{"frame":109,"values":[0.9964,-0.0674,0.0517,0,0.0797,0.9522,-0.2948,0,-0.0293,0.2978,0.9542,0,0,0.1289,0,1]},
{"frame":110,"values":[0.9963,-0.0651,0.0561,0,0.0798,0.9435,-0.3216,0,-0.032,0.3249,0.9452,0,0,0.1289,0,1]},
{"frame":111,"values":[0.9962,-0.0617,0.0617,0,0.0797,0.931,-0.3562,0,-0.0354,0.3598,0.9324,0,0,0.1289,0,1]},
{"frame":112,"values":[0.9961,-0.0576,0.0669,0,0.0793,0.9173,-0.3903,0,-0.0389,0.3941,0.9182,0,0,0.1289,0,1]},
{"frame":113,"values":[0.9961,-0.0535,0.0706,0,0.0782,0.9059,-0.4162,0,-0.0417,0.4201,0.9065,0,0,0.1289,0,1]},
{"frame":114,"values":[0.9962,-0.0503,0.0714,0,0.076,0.9012,-0.4266,0,-0.0429,0.4304,0.9016,0,0,0.1289,0,1]},
{"frame":115,"values":[0.9964,-0.0475,0.0702,0,0.073,0.9017,-0.4262,0,-0.0431,0.4298,0.9019,0,0,0.1289,0,1]},
{"frame":116,"values":[0.9966,-0.0445,0.0688,0,0.0696,0.9026,-0.4248,0,-0.0432,0.4282,0.9027,0,0,0.1289,0,1]},
{"frame":117,"values":[0.9969,-0.0413,0.0671,0,0.0659,0.9039,-0.4226,0,-0.0432,0.4257,0.9038,0,0,0.1289,0,1]},
{"frame":118,"values":[0.9972,-0.0377,0.0652,0,0.0617,0.9055,-0.4198,0,-0.0432,0.4226,0.9053,0,0,0.1289,0,1]},
{"frame":119,"values":[0.9974,-0.0339,0.0631,0,0.0572,0.9073,-0.4166,0,-0.0432,0.4191,0.9069,0,0,0.1289,0,1]},
{"frame":120,"values":[0.9977,-0.0299,0.0609,0,0.0524,0.9093,-0.4129,0,-0.0431,0.4151,0.9087,0,0,0.1289,0,1]},
{"frame":121,"values":[0.998,-0.0258,0.0586,0,0.0475,0.9116,-0.4083,0,-0.0428,0.4102,0.911,0,0,0.1289,0,1]},
{"frame":122,"values":[0.9982,-0.0221,0.0561,0,0.0428,0.9146,-0.402,0,-0.0424,0.4037,0.9139,0,0,0.1289,0,1]},
{"frame":123,"values":[0.9984,-0.0189,0.0535,0,0.0384,0.9184,-0.3937,0,-0.0417,0.3952,0.9177,0,0,0.1289,0,1]},
{"frame":124,"values":[0.9986,-0.0155,0.0508,0,0.0339,0.9222,-0.3852,0,-0.0409,0.3864,0.9214,0,0,0.1289,0,1]},
{"frame":125,"values":[0.9988,-0.0112,0.0482,0,0.0286,0.9251,-0.3786,0,-0.0403,0.3795,0.9243,0,0,0.1289,0,1]},
{"frame":126,"values":[0.9989,-0.0052,0.0456,0,0.022,0.9263,-0.3761,0,-0.0403,0.3767,0.9255,0,0,0.1289,0,1]},
{"frame":127,"values":[0.9989,0.0043,0.0462,0,0.0154,0.9087,-0.4172,0,-0.0438,0.4175,0.9076,0,0,0.1289,0,1]},
{"frame":128,"values":[0.9986,0.0169,0.0497,0,0.0104,0.8633,-0.5046,0,-0.0514,0.5044,0.862,0,0,0.1289,0,1]},
{"frame":129,"values":[0.9982,0.0299,0.0518,0,0.0062,0.8096,-0.587,0,-0.0595,0.5863,0.8079,0,0,0.1289,0,1]},
{"frame":130,"values":[0.9979,0.0397,0.0504,0,0.0003,0.7825,-0.6227,0,-0.0641,0.6214,0.7808,0,0,0.1289,0,1]},
{"frame":131,"values":[0.998,0.0444,0.0455,0,-0.0082,0.7995,-0.6006,0,-0.063,0.599,0.7983,0,0,0.1289,0,1]},
{"frame":132,"values":[0.9982,0.0457,0.0388,0,-0.0174,0.8399,-0.5425,0,-0.0574,0.5408,0.8392,0,0,0.1289,0,1]},
{"frame":133,"values":[0.9985,0.0454,0.0313,0,-0.0258,0.8863,-0.4624,0,-0.0488,0.4609,0.8861,0,0,0.1289,0,1]},
{"frame":134,"values":[0.9987,0.0445,0.0244,0,-0.032,0.9251,-0.3784,0,-0.0394,0.3771,0.9253,0,0,0.1289,0,1]},
{"frame":135,"values":[0.9989,0.0437,0.0191,0,-0.0356,0.9495,-0.3117,0,-0.0318,0.3107,0.95,0,0,0.1289,0,1]},
{"frame":136,"values":[0.9989,0.0434,0.0171,0,-0.0367,0.9579,-0.2847,0,-0.0287,0.2838,0.9585,0,0,0.1289,0,1]}],"loopBehavior":1,"name":"anim","property":"_matrix"}},
{"name":"Bone.003","index":3,"matrix":[0.3893,-0.9209,-0.0222,0,0.9034,0.3863,-0.1863,0,0.1801,0.0524,0.9822,0,0,0.0829,0,1],"rest":[0.3893,-0.9209,-0.0222,0,0.9034,0.3863,-0.1863,0,0.1801,0.0524,0.9822,0,0,0.0829,0,1],"parentBoneIndex":2,"length":0.0765
,"animation":{"dataType":3,"framePerSecond":24,"keys":[
{"frame":0,"values":[0.3893,-0.9209,-0.0222,0,0.9034,0.3863,-0.1863,0,0.1801,0.0524,0.9822,0,0,0.0829,0,1]},
