{"producer":{"name":"Blender","version":"2.82 (sub 7)","exporter_version":"6.3.0","file":"snowboarder_scene_3.babylon"},
"autoClear":true,"clearColor":[0.0509,0.0509,0.0509],"gravity":[0,-9.81,0],
"materials":[{"name":"Cube.001_baked","id":"Cube.001_baked","customType":"BABYLON.PBRMaterial","backFaceCulling":true,"checkReadyOnlyOnce":false,"maxSimultaneousLights":4,"environmentIntensity":1,"albedo":[0.014,0.014,0.014],"reflectivity":[0.5,0.5,0.5],"roughness":0.5,"alpha":1,"transparencyMode":0,"alphaCutOff":0.4,"metallic":0},
{"name":"orange","id":"orange","customType":"BABYLON.PBRMaterial","backFaceCulling":true,"checkReadyOnlyOnce":false,"maxSimultaneousLights":4,"environmentIntensity":1,"albedo":[0.076,0.0705,0.1091],"reflectivity":[0.5,0.5,0.5],"roughness":0.5,"alpha":1,"transparencyMode":0,"alphaCutOff":0.4,"metallic":0},
{"name":"white","id":"white","customType":"BABYLON.PBRMaterial","backFaceCulling":true,"checkReadyOnlyOnce":false,"maxSimultaneousLights":4,"environmentIntensity":1,"albedo":[0.2894,0.2894,0.2894],"reflectivity":[0.5,0.5,0.5],"roughness":0.5,"alpha":1,"transparencyMode":0,"alphaCutOff":0.4,"metallic":0},
{"name":"jacket","id":"jacket","customType":"BABYLON.PBRMaterial","backFaceCulling":true,"checkReadyOnlyOnce":false,"maxSimultaneousLights":4,"environmentIntensity":1,"albedo":[0.0215,0.3113,0.8764],"reflectivity":[0.5,0.5,0.5],"roughness":0.5,"alpha":1,"transparencyMode":0,"alphaCutOff":0.4,"metallic":0},
{"name":"skin","id":"skin","customType":"BABYLON.PBRMaterial","backFaceCulling":true,"checkReadyOnlyOnce":false,"maxSimultaneousLights":4,"environmentIntensity":1,"albedo":[1,0.7125,0.5297],"reflectivity":[0.5,0.5,0.5],"roughness":0.5,"alpha":1,"transparencyMode":0,"alphaCutOff":0.4,"metallic":0},
{"name":"board","id":"board","customType":"BABYLON.PBRMaterial","backFaceCulling":true,"checkReadyOnlyOnce":false,"maxSimultaneousLights":4,"environmentIntensity":1,"albedo":[0.5126,0.2382,0.0772],"reflectivity":[0.5,0.5,0.5],"roughness":0.5,"alpha":1,"transparencyMode":0,"alphaCutOff":0.4,"metallic":0}],
"multiMaterials":[{"name":"snowboarder_scene_3.Multimaterial#0","id":"snowboarder_scene_3.Multimaterial#0","materials":["Cube.001_baked","orange","white","jacket","skin","board"]}],
"skeletons":[{"name":"Armature","id":0,"dimensionsAtRest":[0.5468,0.5742,0.1947],"bones":[
{"name":"Bone","index":0,"matrix":[0.769,0.0432,-0.6378,0,0.0206,0.9955,0.0923,0,-0.6389,0.0842,-0.7647,0,0.0172,0.5015,0.0631,1],"rest":[1,0,0,0,0,0.8714,0.4906,0,0,0.4906,-0.8714,0,0.0172,0.4722,0.0618,1],"parentBoneIndex":-1,"length":0.1801
,"animation":{"dataType":3,"framePerSecond":24,"keys":[
{"frame":0,"values":[0.769,0.0432,-0.6378,0,0.0206,0.9955,0.0923,0,-0.6389,0.0842,-0.7647,0,0.0172,0.5015,0.0631,1]},
{"frame":1,"values":[0.8026,0.0481,-0.5946,0,0.0306,0.9921,0.1216,0,-0.5957,0.1158,-0.7948,0,0.0198,0.5032,0.0758,1]},
{"frame":2,"values":[0.8711,0.0525,-0.4883,0,0.0472,0.9807,0.1897,0,-0.4888,0.1883,-0.8518,0,0.0258,0.507,0.1048,1]},
{"frame":3,"values":[0.9305,0.0464,-0.3634,0,0.0549,0.9631,0.2636,0,-0.3622,0.2653,-0.8935,0,0.0323,0.5104,0.1359,1]},
{"frame":4,"values":[0.9624,0.035,-0.2694,0,0.0536,0.9478,0.3145,0,-0.2663,0.3171,-0.9102,0,0.0371,0.512,0.158,1]},
{"frame":5,"values":[0.976,0.0264,-0.216,0,0.0505,0.9381,0.3426,0,-0.2116,0.3453,-0.9143,0,0.0397,0.513,0.1705,1]},
{"frame":6,"values":[0.9797,0.0238,-0.1992,0,0.0496,0.9334,0.3553,0,-0.1944,0.358,-0.9133,0,0.0405,0.5152,0.1755,1]},
{"frame":7,"values":[0.9724,0.0254,-0.2318,0,0.0612,0.9315,0.3586,0,-0.225,0.3629,-0.9042,0,0.0405,0.5187,0.1773,1]},
{"frame":8,"values":[0.9478,0.0274,-0.3176,0,0.0914,0.9311,0.3531,0,-0.3054,0.3637,-0.88,0,0.0405,0.5225,0.1784,1]},
{"frame":9,"values":[0.8991,0.0276,-0.4369,0,0.1349,0.932,0.3365,0,-0.4165,0.3614,-0.8342,0,0.0405,0.5268,0.1781,1]},
{"frame":10,"values":[0.8219,0.0238,-0.5691,0,0.1856,0.9334,0.307,0,-0.5385,0.358,-0.7628,0,0.0405,0.5319,0.1755,1]},
{"frame":11,"values":[0.7183,0.0154,-0.6956,0,0.2371,0.9345,0.2655,0,-0.6541,0.3556,-0.6676,0,0.0352,0.5386,0.1689,1]},
{"frame":12,"values":[0.5961,0.0079,-0.8029,0,0.2811,0.9346,0.2179,0,-0.7521,0.3556,-0.5549,0,0.0236,0.5464,0.1593,1]},
{"frame":13,"values":[0.469,0.0085,-0.8832,0,0.3118,0.934,0.1745,0,-0.8263,0.3572,-0.4354,0,0.0119,0.5527,0.1506,1]},
{"frame":14,"values":[0.3539,0.0238,-0.935,0,0.327,0.9334,0.1475,0,-0.8763,0.358,-0.3225,0,0.0066,0.5553,0.1469,1]},
{"frame":15,"values":[0.2608,0.0553,-0.9638,0,0.3398,0.9292,0.1452,0,-0.9036,0.3654,-0.2236,0,0.0066,0.5553,0.1469,1]},
{"frame":16,"values":[0.1875,0.0979,-0.9774,0,0.3624,0.9179,0.1615,0,-0.913,0.3845,-0.1366,0,0.0066,0.5553,0.1469,1]},
{"frame":17,"values":[0.1309,0.1467,-0.9805,0,0.3918,0.9008,0.1871,0,-0.9107,0.4087,-0.0605,0,0.0066,0.5553,0.1469,1]},
{"frame":18,"values":[0.0869,0.1958,-0.9768,0,0.4238,0.8801,0.2141,0,-0.9016,0.4326,0.0065,0,0.0066,0.5553,0.1469,1]},
{"frame":19,"values":[0.0501,0.2388,-0.9698,0,0.4536,0.8596,0.2351,0,-0.8898,0.4517,0.0652,0,0.0066,0.5553,0.1469,1]},
{"frame":20,"values":[0.0152,0.2707,-0.9626,0,0.478,0.8436,0.2447,0,-0.8782,0.4638,0.1166,0,0.0067,0.5544,0.1484,1]},
{"frame":21,"values":[-0.0199,0.291,-0.9565,0,0.4999,0.8314,0.2425,0,-0.8658,0.4734,0.162,0,0.0073,0.5519,0.1527,1]},
{"frame":22,"values":[-0.0559,0.3007,-0.9521,0,0.5237,0.8207,0.2284,0,-0.8501,0.4858,0.2034,0,0.0089,0.5479,0.1596,1]},
{"frame":23,"values":[-0.0936,0.3011,-0.949,0,0.5534,0.8081,0.2018,0,-0.8277,0.5063,0.2422,0,0.0117,0.5426,0.1686,1]},
{"frame":24,"values":[-0.1336,0.2938,-0.9465,0,0.5924,0.7894,0.1613,0,-0.7945,0.5391,0.2795,0,0.0164,0.5363,0.1796,1]},
{"frame":25,"values":[-0.1774,0.282,-0.9429,0,0.6396,0.7612,0.1074,0,-0.748,0.584,0.3154,0,0.0228,0.5286,0.192,1]},
{"frame":26,"values":[-0.2195,0.2708,-0.9373,0,0.6833,0.7284,0.0504,0,-0.6963,0.6294,0.3449,0,0.0297,0.5165,0.2047,1]},
{"frame":27,"values":[-0.2509,0.2629,-0.9316,0,0.714,0.7001,0.0053,0,-0.6536,0.6639,0.3634,0,0.0351,0.4965,0.2165,1]},
{"frame":28,"values":[-0.2628,0.2597,-0.9292,0,0.7258,0.6878,-0.013,0,-0.6357,0.6779,0.3692,0,0.0373,0.4651,0.2261,1]},
{"frame":29,"values":[-0.241,0.2261,-0.9438,0,0.6854,0.7282,-0.0006,0,-0.6871,0.647,0.3304,0,0.0373,0.4173,0.2282,1]},
{"frame":30,"values":[-0.2167,0.1935,-0.9569,0,0.6423,0.7664,0.0095,0,-0.7351,0.6126,0.2904,0,0.0373,0.3887,0.2261,1]},
{"frame":31,"values":[-0.2052,0.2178,-0.9542,0,0.6925,0.7213,0.0157,0,-0.6916,0.6575,0.2988,0,0.0373,0.3887,0.2261,1]},
{"frame":32,"values":[-0.1805,0.2612,-0.9482,0,0.7768,0.6292,0.0254,0,-0.6033,0.732,0.3165,0,0.0373,0.3887,0.2261,1]},
{"frame":33,"values":[-0.1652,0.2832,-0.9447,0,0.8171,0.5757,0.0297,0,-0.5523,0.7671,0.3265,0,0.0373,0.3887,0.2261,1]},
{"frame":34,"values":[-0.1771,0.27,-0.9464,0,0.7949,0.6062,0.0242,0,-0.5803,0.7481,0.322,0,0.0375,0.3955,0.2276,1]},
{"frame":35,"values":[-0.2034,0.236,-0.9502,0,0.7369,0.676,0.0102,0,-0.6447,0.6981,0.3114,0,0.038,0.4121,0.2307,1]},
{"frame":36,"values":[-0.2304,0.1912,-0.9541,0,0.6585,0.7525,-0.0082,0,-0.7164,0.6302,0.2993,0,0.0387,0.4325,0.233,1]},
{"frame":37,"values":[-0.2485,0.1495,-0.957,0,0.5852,0.8105,-0.0254,0,-0.7718,0.5664,0.2889,0,0.0392,0.4511,0.2324,1]},
{"frame":38,"values":[-0.2534,0.127,-0.959,0,0.5495,0.8348,-0.0346,0,-0.7962,0.5357,0.2813,0,0.0394,0.4621,0.2265,1]},
{"frame":39,"values":[-0.2504,0.1195,-0.9608,0,0.5439,0.8383,-0.0375,0,-0.8009,0.5319,0.2749,0,0.0394,0.467,0.2173,1]},
{"frame":40,"values":[-0.2466,0.112,-0.9626,0,0.539,0.8413,-0.0401,0,-0.8054,0.5288,0.2678,0,0.0394,0.4714,0.2079,1]},
{"frame":41,"values":[-0.242,0.1047,-0.9646,0,0.5349,0.8438,-0.0427,0,-0.8095,0.5263,0.2602,0,0.0393,0.4753,0.1984,1]},
{"frame":42,"values":[-0.2368,0.0974,-0.9667,0,0.5314,0.8459,-0.045,0,-0.8133,0.5244,0.2521,0,0.0392,0.4787,0.1888,1]},
{"frame":43,"values":[-0.231,0.0901,-0.9688,0,0.5286,0.8476,-0.0472,0,-0.8168,0.523,0.2434,0,0.0392,0.4816,0.1792,1]},
{"frame":44,"values":[-0.2246,0.083,-0.9709,0,0.5264,0.8488,-0.0492,0,-0.8201,0.5221,0.2344,0,0.0391,0.4842,0.1695,1]},
{"frame":45,"values":[-0.2177,0.076,-0.973,0,0.5247,0.8497,-0.051,0,-0.823,0.5217,0.2249,0,0.039,0.4863,0.1598,1]},
{"frame":46,"values":[-0.2104,0.0691,-0.9752,0,0.5236,0.8503,-0.0527,0,-0.8256,0.5217,0.2151,0,0.0388,0.4881,0.1501,1]},
{"frame":47,"values":[-0.2027,0.0623,-0.9773,0,0.523,0.8506,-0.0542,0,-0.8279,0.5221,0.205,0,0.0387,0.4895,0.1405,1]},
{"frame":48,"values":[-0.1946,0.0556,-0.9793,0,0.5229,0.8506,-0.0556,0,-0.8299,0.5229,0.1946,0,0.0386,0.4906,0.1309,1]},
{"frame":49,"values":[-0.1862,0.049,-0.9813,0,0.5232,0.8503,-0.0568,0,-0.8316,0.524,0.184,0,0.0384,0.4914,0.1214,1]},
{"frame":50,"values":[-0.1776,0.0425,-0.9832,0,0.5239,0.8498,-0.0578,0,-0.8331,0.5253,0.1732,0,0.0383,0.4919,0.112,1]},
{"frame":51,"values":[-0.1688,0.0362,-0.985,0,0.5249,0.8491,-0.0587,0,-0.8343,0.5269,0.1623,0,0.0381,0.4921,0.1028,1]},
{"frame":52,"values":[-0.1599,0.03,-0.9867,0,0.5263,0.8482,-0.0595,0,-0.8352,0.5288,0.1514,0,0.0379,0.492,0.0938,1]},
{"frame":53,"values":[-0.1509,0.024,-0.9883,0,0.5279,0.8472,-0.06,0,-0.8358,0.5308,0.1405,0,0.0378,0.4918,0.0849,1]},
{"frame":54,"values":[-0.1418,0.0181,-0.9897,0,0.5298,0.846,-0.0605,0,-0.8362,0.5329,0.1296,0,0.0376,0.4914,0.0763,1]},
{"frame":55,"values":[-0.1329,0.0124,-0.9911,0,0.5319,0.8446,-0.0608,0,-0.8363,0.5352,0.1188,0,0.0374,0.4907,0.0679,1]},
{"frame":56,"values":[-0.124,0.0068,-0.9923,0,0.5342,0.8432,-0.0609,0,-0.8362,0.5376,0.1082,0,0.0372,0.49,0.0597,1]},
{"frame":57,"values":[-0.1152,0.0015,-0.9933,0,0.5366,0.8416,-0.061,0,-0.8359,0.54,0.0977,0,0.0371,0.4891,0.0519,1]},
{"frame":58,"values":[-0.1066,-0.0036,-0.9943,0,0.5391,0.84,-0.0609,0,-0.8355,0.5425,0.0876,0,0.0369,0.4881,0.0444,1]},
{"frame":59,"values":[-0.0983,-0.0086,-0.9951,0,0.5416,0.8384,-0.0607,0,-0.8348,0.545,0.0778,0,0.0367,0.487,0.0372,1]},
{"frame":60,"values":[-0.0903,-0.0132,-0.9958,0,0.5442,0.8368,-0.0604,0,-0.8341,0.5474,0.0683,0,0.0366,0.4858,0.0304,1]},
{"frame":61,"values":[-0.0826,-0.0176,-0.9964,0,0.5468,0.8351,-0.0601,0,-0.8332,0.5498,0.0593,0,0.0364,0.4846,0.024,1]},
{"frame":62,"values":[-0.0753,-0.0218,-0.9969,0,0.5493,0.8335,-0.0597,0,-0.8322,0.5521,0.0508,0,0.0363,0.4834,0.0181,1]},
{"frame":63,"values":[-0.0685,-0.0256,-0.9973,0,0.5518,0.8319,-0.0593,0,-0.8312,0.5543,0.0428,0,0.0361,0.4822,0.0125,1]},
{"frame":64,"values":[-0.0621,-0.0291,-0.9976,0,0.5541,0.8304,-0.0588,0,-0.8301,0.5564,0.0355,0,0.036,0.481,0.0075,1]},
{"frame":65,"values":[-0.0564,-0.0323,-0.9979,0,0.5563,0.829,-0.0583,0,-0.8291,0.5584,0.0288,0,0.0359,0.4799,0.0029,1]},
{"frame":66,"values":[-0.0512,-0.0352,-0.9981,0,0.5582,0.8277,-0.0578,0,-0.8281,0.5601,0.0228,0,0.0358,0.4789,-0.0011,1]},
{"frame":67,"values":[-0.0467,-0.0376,-0.9982,0,0.56,0.8265,-0.0574,0,-0.8272,0.5617,0.0175,0,0.0357,0.4779,-0.0046,1]},
{"frame":68,"values":[-0.0429,-0.0397,-0.9983,0,0.5615,0.8255,-0.0569,0,-0.8263,0.563,0.0132,0,0.0356,0.4771,-0.0075,1]},
{"frame":69,"values":[-0.0399,-0.0413,-0.9984,0,0.5628,0.8247,-0.0566,0,-0.8256,0.5641,0.0096,0,0.0355,0.4764,-0.0098,1]},
{"frame":70,"values":[-0.0376,-0.0425,-0.9984,0,0.5637,0.824,-0.0563,0,-0.8251,0.5649,0.0071,0,0.0355,0.4759,-0.0115,1]},
{"frame":71,"values":[-0.0363,-0.0432,-0.9984,0,0.5643,0.8237,-0.0561,0,-0.8248,0.5654,0.0055,0,0.0355,0.4756,-0.0125,1]},
{"frame":72,"values":[-0.0358,-0.0435,-0.9984,0,0.5645,0.8235,-0.0561,0,-0.8247,0.5656,0.0049,0,0.0354,0.4755,-0.0128,1]}],"loopBehavior":1,"name":"anim","property":"_matrix"}},
{"name":"Bone.001","index":1,"matrix":[-0.995,0.0986,0.0163,0,-0.1,-0.9816,-0.1626,0,0,0.1634,-0.9866,0,0.0172,0.5015,0.0631,1],"rest":[-0.995,0.0947,0.032,0,-0.1,-0.9425,-0.3189,0,0,0.3205,-0.9472,0,0.0172,0.4722,0.0618,1],"parentBoneIndex":-1,"length":0.1289
,"animation":{"dataType":3,"framePerSecond":24,"keys":[
{"frame":0,"values":[-0.995,0.0986,0.0163,0,-0.1,-0.9816,-0.1626,0,0,0.1634,-0.9866,0,0.0172,0.5015,0.0631,1]},
{"frame":1,"values":[-0.9928,0.1148,-0.0337,0,-0.1061,-0.975,-0.1951,0,0.0553,0.1901,-0.9802,0,0.0199,0.5032,0.0758,1]},
{"frame":2,"values":[-0.9768,0.1565,-0.1463,0,-0.1127,-0.9562,-0.2702,0,0.1821,0.2474,-0.9516,0,0.0259,0.5069,0.1047,1]},
{"frame":3,"values":[-0.9421,0.2079,-0.2631,0,-0.1074,-0.9303,-0.3507,0,0.3177,0.3022,-0.8987,0,0.0323,0.5104,0.1359,1]},
{"frame":4,"values":[-0.9065,0.2474,-0.3422,0,-0.0945,-0.9087,-0.4066,0,0.4116,0.3362,-0.8471,0,0.0369,0.5121,0.1583,1]},
{"frame":5,"values":[-0.8828,0.2708,-0.3839,0,-0.0848,-0.8956,-0.4366,0,0.462,0.3529,-0.8136,0,0.0395,0.5131,0.171,1]},
{"frame":6,"values":[-0.8745,0.2816,-0.395,0,-0.0851,-0.8907,-0.4466,0,0.4776,0.3569,-0.8029,0,0.0405,0.5152,0.1755,1]},
{"frame":7,"values":[-0.8866,0.286,-0.3634,0,-0.1044,-0.8894,-0.4451,0,0.4505,0.3567,-0.8184,0,0.0409,0.5187,0.1766,1]},
{"frame":8,"values":[-0.9155,0.2871,-0.282,0,-0.1444,-0.8884,-0.4357,0,0.3756,0.3581,-0.8548,0,0.0411,0.5226,0.1773,1]},
{"frame":9,"values":[-0.9446,0.2853,-0.1625,0,-0.1972,-0.8887,-0.414,0,0.2625,0.359,-0.8957,0,0.041,0.527,0.1771,1]},
{"frame":10,"values":[-0.9594,0.2816,-0.0184,0,-0.2542,-0.8907,-0.3769,0,0.1226,0.3569,-0.9261,0,0.0405,0.5319,0.1755,1]},
{"frame":11,"values":[-0.9511,0.2778,0.1355,0,-0.3075,-0.8944,-0.3247,0,-0.031,0.3505,-0.9361,0,0.0348,0.5384,0.1696,1]},
{"frame":12,"values":[-0.9176,0.2761,0.286,0,-0.3526,-0.8975,-0.265,0,-0.1835,0.344,-0.9209,0,0.0232,0.5461,0.16,1]},
{"frame":13,"values":[-0.8638,0.2776,0.4204,0,-0.3898,-0.897,-0.2084,0,-0.3193,0.3439,-0.8831,0,0.0118,0.5526,0.1509,1]},
{"frame":14,"values":[-0.8004,0.2816,0.5292,0,-0.4232,-0.8907,-0.1661,0,-0.4246,0.3569,-0.8321,0,0.0066,0.5553,0.1469,1]},
{"frame":15,"values":[-0.7396,0.2878,0.6084,0,-0.4571,-0.8783,-0.1402,0,-0.494,0.3818,-0.7811,0,0.0066,0.5553,0.1469,1]},
{"frame":16,"values":[-0.6862,0.2957,0.6646,0,-0.4909,-0.8625,-0.1231,0,-0.5368,0.4107,-0.737,0,0.0066,0.5553,0.1469,1]},
{"frame":17,"values":[-0.6404,0.304,0.7053,0,-0.5228,-0.8452,-0.1105,0,-0.5626,0.4395,-0.7003,0,0.0066,0.5553,0.1469,1]},
{"frame":18,"values":[-0.6006,0.3113,0.7364,0,-0.5501,-0.8293,-0.098,0,-0.5802,0.4639,-0.6694,0,0.0066,0.5553,0.1469,1]},
{"frame":19,"values":[-0.5641,0.3168,0.7625,0,-0.5694,-0.818,-0.0814,0,-0.598,0.4801,-0.6418,0,0.0066,0.5553,0.1469,1]},
{"frame":20,"values":[-0.5285,0.3186,0.7869,0,-0.5793,-0.8129,-0.0599,0,-0.6206,0.4875,-0.6142,0,0.0068,0.5543,0.1483,1]},
{"frame":21,"values":[-0.4939,0.3173,0.8095,0,-0.5821,-0.8123,-0.0368,0,-0.6459,0.4894,-0.5859,0,0.0076,0.5514,0.1523,1]},
{"frame":22,"values":[-0.4614,0.3152,0.8293,0,-0.5805,-0.8142,-0.0135,0,-0.6709,0.4876,-0.5586,0,0.0093,0.5471,0.159,1]},
{"frame":23,"values":[-0.4317,0.3144,0.8454,0,-0.577,-0.8167,0.0091,0,-0.6933,0.4838,-0.534,0,0.0121,0.542,0.1681,1]},
{"frame":24,"values":[-0.406,0.3168,0.8572,0,-0.5744,-0.818,0.0303,0,-0.7108,0.4801,-0.5141,0,0.0164,0.5363,0.1796,1]},
{"frame":25,"values":[-0.3845,0.3229,0.8648,0,-0.5747,-0.8169,0.0495,0,-0.7224,0.478,-0.4996,0,0.0221,0.5298,0.193,1]},
{"frame":26,"values":[-0.3644,0.3284,0.8714,0,-0.5759,-0.8149,0.0663,0,-0.7318,0.4777,-0.4861,0,0.0283,0.5188,0.2066,1]},
{"frame":27,"values":[-0.3424,0.3281,0.8804,0,-0.5748,-0.8144,0.08,0,-0.7432,0.4786,-0.4674,0,0.0337,0.4987,0.2183,1]},
{"frame":28,"values":[-0.3147,0.3168,0.8948,0,-0.5681,-0.818,0.0898,0,-0.7604,0.4801,-0.4374,0,0.0373,0.4651,0.2261,1]},
{"frame":29,"values":[-0.3056,0.2336,0.9231,0,-0.5546,-0.8317,0.0268,0,-0.7739,0.5037,-0.3837,0,0.0379,0.4164,0.2274,1]},
{"frame":30,"values":[-0.3147,0.1319,0.94,0,-0.5681,-0.8195,-0.0752,0,-0.7604,0.5577,-0.3328,0,0.0373,0.3887,0.2261,1]},
{"frame":31,"values":[-0.3143,0.1154,0.9423,0,-0.6174,-0.7789,-0.1105,0,-0.7212,0.6165,-0.316,0,0.0373,0.3887,0.2261,1]},
{"frame":32,"values":[-0.3025,0.1383,0.9431,0,-0.6629,-0.7415,-0.1039,0,-0.6849,0.6566,-0.316,0,0.0373,0.3887,0.2261,1]},
{"frame":33,"values":[-0.2871,0.1542,0.9454,0,-0.6848,-0.7232,-0.09,0,-0.6698,0.6732,-0.3132,0,0.0373,0.3887,0.2261,1]},
{"frame":34,"values":[-0.2479,0.1404,0.9586,0,-0.6576,-0.751,-0.06,0,-0.7114,0.6452,-0.2785,0,0.0369,0.397,0.2272,1]},
{"frame":35,"values":[-0.1696,0.1165,0.9786,0,-0.5774,-0.8165,-0.0029,0,-0.7987,0.5655,-0.2058,0,0.0361,0.4168,0.2292,1]},
{"frame":36,"values":[-0.0765,0.0994,0.9921,0,-0.4657,-0.8834,0.0526,0,-0.8816,0.458,-0.1139,0,0.035,0.4408,0.2304,1]},
{"frame":37,"values":[0.0005,0.0944,0.9955,0,-0.3633,-0.9275,0.0881,0,-0.9317,0.3617,-0.0338,0,0.0341,0.4617,0.2291,1]},
{"frame":38,"values":[0.032,0.0947,0.995,0,-0.3189,-0.9425,0.1,0,-0.9472,0.3205,0,0,0.0338,0.4722,0.2233,1]},
{"frame":39,"values":[0.032,0.0947,0.995,0,-0.3189,-0.9425,0.1,0,-0.9472,0.3205,0,0,0.0338,0.475,0.2147,1]},
{"frame":40,"values":[0.032,0.0947,0.995,0,-0.3189,-0.9425,0.1,0,-0.9472,0.3205,0,0,0.0338,0.4773,0.2059,1]},
{"frame":41,"values":[0.032,0.0947,0.995,0,-0.3189,-0.9425,0.1,0,-0.9472,0.3205,0,0,0.0338,0.4794,0.1969,1]},
{"frame":42,"values":[0.032,0.0947,0.995,0,-0.3189,-0.9425,0.1,0,-0.9472,0.3205,0,0,0.0338,0.4812,0.1877,1]},
{"frame":43,"values":[0.032,0.0947,0.995,0,-0.3189,-0.9425,0.1,0,-0.9472,0.3205,0,0,0.0338,0.4827,0.1783,1]},
{"frame":44,"values":[0.032,0.0947,0.995,0,-0.3189,-0.9425,0.1,0,-0.9472,0.3205,0,0,0.0338,0.484,0.1689,1]},
{"frame":45,"values":[0.032,0.0947,0.995,0,-0.3189,-0.9425,0.1,0,-0.9472,0.3205,0,0,0.0338,0.4849,0.1594,1]},
{"frame":46,"values":[0.032,0.0947,0.995,0,-0.3189,-0.9425,0.1,0,-0.9472,0.3205,0,0,0.0338,0.4857,0.1499,1]},
{"frame":47,"values":[0.032,0.0947,0.995,0,-0.3189,-0.9425,0.1,0,-0.9472,0.3205,0,0,0.0338,0.4862,0.1403,1]},
{"frame":48,"values":[0.032,0.0947,0.995,0,-0.3189,-0.9425,0.1,0,-0.9472,0.3205,0,0,0.0338,0.4866,0.1308,1]},
{"frame":49,"values":[0.032,0.0947,0.995,0,-0.3189,-0.9425,0.1,0,-0.9472,0.3205,0,0,0.0338,0.4867,0.1213,1]},
{"frame":50,"values":[0.032,0.0947,0.995,0,-0.3189,-0.9425,0.1,0,-0.9472,0.3205,0,0,0.0338,0.4867,0.1119,1]},
{"frame":51,"values":[0.032,0.0947,0.995,0,-0.3189,-0.9425,0.1,0,-0.9472,0.3205,0,0,0.0338,0.4865,0.1026,1]},
{"frame":52,"values":[0.032,0.0947,0.995,0,-0.3189,-0.9425,0.1,0,-0.9472,0.3205,0,0,0.0338,0.4862,0.0934,1]},
{"frame":53,"values":[0.032,0.0947,0.995,0,-0.3189,-0.9425,0.1,0,-0.9472,0.3205,0,0,0.0338,0.4857,0.0844,1]},
{"frame":54,"values":[0.032,0.0947,0.995,0,-0.3189,-0.9425,0.1,0,-0.9472,0.3205,0,0,0.0338,0.4851,0.0756,1]},
{"frame":55,"values":[0.032,0.0947,0.995,0,-0.3189,-0.9425,0.1,0,-0.9472,0.3205,0,0,0.0338,0.4845,0.067,1]},
{"frame":56,"values":[0.032,0.0947,0.995,0,-0.3189,-0.9425,0.1,0,-0.9472,0.3205,0,0,0.0338,0.4837,0.0586,1]},
{"frame":57,"values":[0.032,0.0947,0.995,0,-0.3189,-0.9425,0.1,0,-0.9472,0.3205,0,0,0.0338,0.4829,0.0505,1]},
{"frame":58,"values":[0.032,0.0947,0.995,0,-0.3189,-0.9425,0.1,0,-0.9472,0.3205,0,0,0.0338,0.482,0.0428,1]},
{"frame":59,"values":[0.032,0.0947,0.995,0,-0.3189,-0.9425,0.1,0,-0.9472,0.3205,0,0,0.0338,0.4811,0.0354,1]},
{"frame":60,"values":[0.032,0.0947,0.995,0,-0.3189,-0.9425,0.1,0,-0.9472,0.3205,0,0,0.0338,0.4801,0.0283,1]},
{"frame":61,"values":[0.032,0.0947,0.995,0,-0.3189,-0.9425,0.1,0,-0.9472,0.3205,0,0,0.0338,0.4792,0.0216,1]},
{"frame":62,"values":[0.032,0.0947,0.995,0,-0.3189,-0.9425,0.1,0,-0.9472,0.3205,0,0,0.0338,0.4782,0.0154,1]},
{"frame":63,"values":[0.032,0.0947,0.995,0,-0.3189,-0.9425,0.1,0,-0.9472,0.3205,0,0,0.0338,0.4773,0.0096,1]},
{"frame":64,"values":[0.032,0.0947,0.995,0,-0.3189,-0.9425,0.1,0,-0.9472,0.3205,0,0,0.0338,0.4764,0.0043,1]},
{"frame":65,"values":[0.032,0.0947,0.995,0,-0.3189,-0.9425,0.1,0,-0.9472,0.3205,0,0,0.0338,0.4755,-0.0005,1]},
{"frame":66,"values":[0.032,0.0947,0.995,0,-0.3189,-0.9425,0.1,0,-0.9472,0.3205,0,0,0.0338,0.4748,-0.0047,1]},
{"frame":67,"values":[0.032,0.0947,0.995,0,-0.3189,-0.9425,0.1,0,-0.9472,0.3205,0,0,0.0338,0.4741,-0.0084,1]},
{"frame":68,"values":[0.032,0.0947,0.995,0,-0.3189,-0.9425,0.1,0,-0.9472,0.3205,0,0,0.0338,0.4734,-0.0115,1]},
{"frame":69,"values":[0.032,0.0947,0.995,0,-0.3189,-0.9425,0.1,0,-0.9472,0.3205,0,0,0.0338,0.4729,-0.0139,1]},
{"frame":70,"values":[0.032,0.0947,0.995,0,-0.3189,-0.9425,0.1,0,-0.9472,0.3205,0,0,0.0338,0.4726,-0.0157,1]},
{"frame":71,"values":[0.032,0.0947,0.995,0,-0.3189,-0.9425,0.1,0,-0.9472,0.3205,0,0,0.0338,0.4723,-0.0168,1]},
{"frame":72,"values":[0.032,0.0947,0.995,0,-0.3189,-0.9425,0.1,0,-0.9472,0.3205,0,0,0.0338,0.4722,-0.0171,1]}],"loopBehavior":1,"name":"anim","property":"_matrix"}},
{"name":"Bone.002","index":2,"matrix":[0.9991,0.0415,0.0088,0,-0.0398,0.9888,-0.144,0,-0.0146,0.1435,0.9895,0,0,0.1289,0,1],"rest":[0.9989,0.0434,0.0171,0,-0.0367,0.9579,-0.2847,0,-0.0287,0.2838,0.9585,0,0,0.1289,0,1],"parentBoneIndex":1,"length":0.0829
,"animation":{"dataType":3,"framePerSecond":24,"keys":[
{"frame":0,"values":[0.9991,0.0415,0.0088,0,-0.0398,0.9888,-0.144,0,-0.0146,0.1435,0.9895,0,0,0.1289,0,1]},
{"frame":1,"values":[0.9981,0.0614,0.0105,0,-0.0588,0.9847,-0.164,0,-0.0204,0.1631,0.9864,0,0,0.1289,0,1]},
{"frame":2,"values":[0.9942,0.1068,0.0131,0,-0.1017,0.9729,-0.2075,0,-0.0349,0.2049,0.9782,0,0,0.1289,0,1]},
{"frame":3,"values":[0.9877,0.156,0.0139,0,-0.1477,0.957,-0.2497,0,-0.0522,0.2445,0.9682,0,0,0.1289,0,1]},
{"frame":4,"values":[0.9814,0.1914,0.0137,0,-0.1805,0.9449,-0.273,0,-0.0652,0.2654,0.9619,0,0,0.1289,0,1]},
{"frame":5,"values":[0.9773,0.2112,0.0131,0,-0.1987,0.9372,-0.2865,0,-0.0728,0.2774,0.958,0,0,0.1289,0,1]},
{"frame":6,"values":[0.976,0.2174,0.0115,0,-0.2036,0.93,-0.3059,0,-0.0772,0.2963,0.952,0,0,0.1289,0,1]},
{"frame":7,"values":[0.9794,0.1689,-0.1107,0,-0.1967,0.9225,-0.3323,0,0.046,0.3472,0.9367,0,0,0.1289,0,1]},
{"frame":8,"values":[0.9275,0.0458,-0.3711,0,-0.1881,0.915,-0.357,0,0.3232,0.4009,0.8572,0,0,0.1289,0,1]},
{"frame":9,"values":[0.7974,-0.085,-0.5975,0,-0.185,0.908,-0.376,0,0.5744,0.4104,0.7083,0,0,0.1289,0,1]},
{"frame":10,"values":[0.7174,-0.1422,-0.682,0,-0.185,0.9049,-0.3833,0,0.6716,0.4012,0.6229,0,0,0.1289,0,1]},
{"frame":11,"values":[0.7578,-0.1154,-0.6422,0,-0.1821,0.9077,-0.378,0,0.6266,0.4034,0.6669,0,0,0.1289,0,1]},
{"frame":12,"values":[0.837,-0.0546,-0.5444,0,-0.178,0.9137,-0.3653,0,0.5174,0.4026,0.7551,0,0,0.1289,0,1]},
{"frame":13,"values":[0.9009,0.009,-0.434,0,-0.1785,0.919,-0.3515,0,0.3957,0.3941,0.8295,0,0,0.1289,0,1]},
{"frame":14,"values":[0.9249,0.0455,-0.3774,0,-0.1857,0.9203,-0.3443,0,0.3317,0.3885,0.8597,0,0,0.1289,0,1]},
{"frame":15,"values":[0.9262,0.0527,-0.3733,0,-0.1989,0.9095,-0.3651,0,0.3203,0.4124,0.8528,0,0,0.1289,0,1]},
{"frame":16,"values":[0.9269,0.0498,-0.3719,0,-0.2144,0.8837,-0.4161,0,0.3079,0.4655,0.8298,0,0,0.1289,0,1]},
{"frame":17,"values":[0.9275,0.0417,-0.3715,0,-0.2287,0.8494,-0.4756,0,0.2958,0.5261,0.7973,0,0,0.1289,0,1]},
{"frame":18,"values":[0.9279,0.0332,-0.3713,0,-0.2388,0.8178,-0.5237,0,0.2863,0.5746,0.7667,0,0,0.1289,0,1]},
{"frame":19,"values":[0.9281,0.0293,-0.3712,0,-0.2426,0.8037,-0.5433,0,0.2825,0.5943,0.753,0,0,0.1289,0,1]},
{"frame":29,"values":[0.9402,-0.0217,-0.3401,0,-0.1835,0.8085,-0.5591,0,0.2871,0.588,0.7562,0,0,0.1289,0,1]},
{"frame":30,"values":[0.9501,-0.0741,-0.3031,0,-0.1253,0.7989,-0.5882,0,0.2857,0.5969,0.7497,0,0,0.1289,0,1]},
{"frame":31,"values":[0.9517,-0.0816,-0.2961,0,-0.1351,0.7545,-0.6423,0,0.2757,0.6512,0.707,0,0,0.1289,0,1]},
{"frame":32,"values":[0.9527,-0.0913,-0.2899,0,-0.149,0.6911,-0.7072,0,0.2649,0.7169,0.6448,0,0,0.1289,0,1]},
{"frame":33,"values":[0.9558,-0.091,-0.2796,0,-0.1533,0.657,-0.7381,0,0.2509,0.7483,0.614,0,0,0.1289,0,1]},
{"frame":34,"values":[0.9674,-0.0642,-0.2451,0,-0.1319,0.6986,-0.7033,0,0.2164,0.7127,0.6673,0,0,0.1289,0,1]},
{"frame":35,"values":[0.9842,-0.0191,-0.1758,0,-0.0927,0.791,-0.6048,0,0.1506,0.6116,0.7767,0,0,0.1289,0,1]},
{"frame":36,"values":[0.9958,0.0191,-0.089,0,-0.0587,0.8824,-0.4668,0,0.0696,0.4701,0.8799,0,0,0.1289,0,1]},
{"frame":37,"values":[0.9992,0.0386,-0.0142,0,-0.0411,0.9396,-0.3397,0,0.0002,0.34,0.9404,0,0,0.1289,0,1]},
{"frame":38,"values":[0.9989,0.0434,0.0171,0,-0.0367,0.9579,-0.2847,0,-0.0287,0.2838,0.9585,0,0,0.1289,0,1]},
{"frame":72,"values":[0.9989,0.0434,0.0171,0,-0.0367,0.9579,-0.2847,0,-0.0287,0.2838,0.9585,0,0,0.1289,0,1]}],"loopBehavior":1,"name":"anim","property":"_matrix"}},
{"name":"Bone.003","index":3,"matrix":[0.3893,-0.9209,-0.0222,0,0.9034,0.3863,-0.1863,0,0.1801,0.0524,0.9822,0,0,0.0829,0,1],"rest":[0.3893,-0.9209,-0.0222,0,0.9034,0.3863,-0.1863,0,0.1801,0.0524,0.9822,0,0,0.0829,0,1],"parentBoneIndex":2,"length":0.0765
,"animation":{"dataType":3,"framePerSecond":24,"keys":[
{"frame":0,"values":[0.3893,-0.9209,-0.0222,0,0.9034,0.3863,-0.1863,0,0.1801,0.0524,0.9822,0,0,0.0829,0,1]},
{"frame":1,"values":[0.4206,-0.9069,-0.0233,0,0.8887,0.417,-0.1907,0,0.1827,0.0595,0.9814,0,0,0.0829,0,1]},
{"frame":2,"values":[0.4775,-0.8782,-0.0258,0,0.8585,0.4727,-0.1988,0,0.1868,0.0728,0.9797,0,0,0.0829,0,1]},
{"frame":3,"values":[0.5074,-0.8613,-0.0273,0,0.8408,0.5018,-0.2031,0,0.1886,0.0801,0.9788,0,0,0.0829,0,1]},
{"frame":4,"values":[0.4469,-0.8943,-0.0239,0,0.8754,0.4427,-0.1942,0,0.1842,0.0658,0.9807,0,0,0.0829,0,1]},
{"frame":5,"values":[0.3288,-0.9442,-0.0193,0,0.9283,0.3269,-0.177,0,0.1734,0.0403,0.984,0,0,0.0829,0,1]},
{"frame":6,"values":[0.263,-0.9646,-0.0178,0,0.9504,0.2622,-0.1675,0,0.1663,0.0272,0.9857,0,0,0.0829,0,1]},
{"frame":11,"values":[0.2103,-0.9775,-0.018,0,0.9633,0.2104,-0.1666,0,0.1667,0.0177,0.9859,0,0,0.0829,0,1]},
{"frame":12,"values":[0.0919,-0.9956,-0.0188,0,0.9819,0.0937,-0.1647,0,0.1657,-0.0033,0.9862,0,0,0.0829,0,1]},
{"frame":13,"values":[-0.0278,-0.9994,-0.0198,0,0.9864,-0.0243,-0.1628,0,0.1623,-0.024,0.9865,0,0,0.0829,0,1]},
{"frame":14,"values":[-0.082,-0.9964,-0.0203,0,0.9837,-0.0777,-0.162,0,0.1599,-0.0332,0.9866,0,0,0.0829,0,1]},
{"frame":25,"values":[-0.0374,-0.9991,-0.0176,0,0.9869,-0.0342,-0.1578,0,0.1571,-0.0232,0.9873,0,0,0.0829,0,1]},
{"frame":26,"values":[0.0612,-0.9981,-0.0111,0,0.9871,0.0621,-0.1476,0,0.148,-0.0019,0.989,0,0,0.0829,0,1]},
{"frame":27,"values":[0.1591,-0.9873,-0.0041,0,0.9782,0.1581,-0.1349,0,0.1338,0.0175,0.9909,0,0,0.0829,0,1]},
{"frame":28,"values":[0.2029,-0.9792,-0.0012,0,0.9719,0.2015,-0.1217,0,0.1194,0.0235,0.9926,0,0,0.0829,0,1]},
{"frame":29,"values":[0.0227,-0.9996,0.0154,0,0.994,0.0209,-0.1071,0,0.1067,0.0177,0.9941,0,0,0.0829,0,1]},
{"frame":30,"values":[-0.1583,-0.9869,0.0309,0,0.9823,-0.1606,-0.096,0,0.0997,0.0151,0.9949,0,0,0.0829,0,1]},
{"frame":34,"values":[-0.1011,-0.9945,0.0279,0,0.9889,-0.1035,-0.1065,0,0.1088,0.0168,0.9939,0,0,0.0829,0,1]},
{"frame":35,"values":[0.0377,-0.9991,0.0182,0,0.9908,0.035,-0.1311,0,0.1303,0.023,0.9912,0,0,0.0829,0,1]},
{"frame":36,"values":[0.2028,-0.9792,0.0022,0,0.9669,0.1999,-0.1583,0,0.1546,0.0342,0.9874,0,0,0.0829,0,1]},
{"frame":37,"values":[0.3359,-0.9418,-0.0145,0,0.9259,0.333,-0.1786,0,0.173,0.0466,0.9838,0,0,0.0829,0,1]},
{"frame":38,"values":[0.3893,-0.9209,-0.0222,0,0.9034,0.3863,-0.1863,0,0.1801,0.0524,0.9822,0,0,0.0829,0,1]},
{"frame":72,"values":[0.3893,-0.9209,-0.0222,0,0.9034,0.3863,-0.1863,0,0.1801,0.0524,0.9822,0,0,0.0829,0,1]}],"loopBehavior":1,"name":"anim","property":"_matrix"}},
{"name":"Bone.004","index":4,"matrix":[0.7674,0.3598,-0.5307,0,-0.6093,0.6671,-0.4287,0,0.1998,0.6523,0.7312,0,0,0.0765,0,1],"rest":[0.9741,0.2008,-0.104,0,-0.2051,0.5906,-0.7805,0,-0.0954,0.7816,0.6165,0,0,0.0765,0,1],"parentBoneIndex":3,"length":0.0904
,"animation":{"dataType":3,"framePerSecond":24,"keys":[
{"frame":0,"values":[0.7674,0.3598,-0.5307,0,-0.6093,0.6671,-0.4287,0,0.1998,0.6523,0.7312,0,0,0.0765,0,1]},
{"frame":11,"values":[0.7838,0.3592,-0.5067,0,-0.5985,0.6547,-0.4617,0,0.1659,0.6651,0.7281,0,0,0.0765,0,1]},
{"frame":12,"values":[0.8207,0.358,-0.4452,0,-0.565,0.6239,-0.5399,0,0.0845,0.6947,0.7144,0,0,0.0765,0,1]},
{"frame":13,"values":[0.8605,0.3568,-0.3637,0,-0.5093,0.5854,-0.6308,0,-0.0121,0.728,0.6854,0,0,0.0765,0,1]},
{"frame":14,"values":[0.8921,0.352,-0.2832,0,-0.4422,0.5521,-0.7069,0,-0.0925,0.7559,0.6482,0,0,0.0765,0,1]},
{"frame":15,"values":[0.914,0.3419,-0.2184,0,-0.3799,0.5326,-0.7563,0,-0.1423,0.7743,0.6167,0,0,0.0765,0,1]},
{"frame":16,"values":[0.9288,0.33,-0.1686,0,-0.3288,0.5237,-0.7859,0,-0.1711,0.7853,0.5949,0,0,0.0765,0,1]},
{"frame":17,"values":[0.9385,0.3182,-0.1339,0,-0.2914,0.5221,-0.8016,0,-0.1851,0.7913,0.5827,0,0,0.0765,0,1]},
{"frame":18,"values":[0.9443,0.3088,-0.1137,0,-0.2686,0.5239,-0.8083,0,-0.19,0.7938,0.5777,0,0,0.0765,0,1]},
{"frame":19,"values":[0.9463,0.3049,-0.1072,0,-0.261,0.5254,-0.8098,0,-0.1906,0.7944,0.5768,0,0,0.0765,0,1]},
{"frame":25,"values":[0.9304,0.3306,-0.1585,0,-0.3214,0.5273,-0.7865,0,-0.1765,0.7827,0.5969,0,0,0.0765,0,1]},
{"frame":26,"values":[0.8825,0.3876,-0.2662,0,-0.4487,0.525,-0.7232,0,-0.1406,0.7577,0.6373,0,0,0.0765,0,1]},
{"frame":27,"values":[0.818,0.4444,-0.3652,0,-0.5667,0.5136,-0.6443,0,-0.0988,0.7339,0.672,0,0,0.0765,0,1]},
{"frame":28,"values":[0.7813,0.4718,-0.4087,0,-0.6193,0.5043,-0.6018,0,-0.0778,0.7233,0.6862,0,0,0.0765,0,1]},
{"frame":29,"values":[0.783,0.5948,-0.1821,0,-0.4895,0.4085,-0.7704,0,-0.3838,0.6924,0.611,0,0,0.0765,0,1]},
{"frame":30,"values":[0.7024,0.7111,0.0321,0,-0.3017,0.3383,-0.8913,0,-0.6447,0.6164,0.4522,0,0,0.0765,0,1]},
{"frame":34,"values":[0.745,0.6667,0.0239,0,-0.3001,0.3668,-0.8806,0,-0.5958,0.6488,0.4733,0,0,0.0765,0,1]},
{"frame":35,"values":[0.8352,0.55,-0.002,0,-0.288,0.4342,-0.8535,0,-0.4686,0.7134,0.521,0,0,0.0765,0,1]},
{"frame":36,"values":[0.9175,0.3954,-0.0432,0,-0.2587,0.5107,-0.8199,0,-0.3021,0.7635,0.5708,0,0,0.0765,0,1]},
{"frame":37,"values":[0.9622,0.2587,-0.0849,0,-0.2228,0.5685,-0.7919,0,-0.1566,0.7809,0.6047,0,0,0.0765,0,1]},
{"frame":38,"values":[0.9741,0.2008,-0.104,0,-0.2051,0.5906,-0.7805,0,-0.0954,0.7816,0.6165,0,0,0.0765,0,1]},
{"frame":72,"values":[0.9741,0.2008,-0.104,0,-0.2051,0.5906,-0.7805,0,-0.0954,0.7816,0.6165,0,0,0.0765,0,1]}],"loopBehavior":1,"name":"anim","property":"_matrix"}},
{"name":"Bone.005","index":5,"matrix":[0.7669,0.6363,-0.0838,0,-0.6084,0.7624,0.2205,0,0.2042,-0.1181,0.9718,0,0,0.0904,0,1],"rest":[0.3933,0.919,0.0271,0,-0.7928,0.3241,0.5162,0,0.4656,-0.2245,0.8561,0,0,0.0904,0,1],"parentBoneIndex":4,"length":0.128
,"animation":{"dataType":3,"framePerSecond":24,"keys":[
{"frame":0,"values":[0.7669,0.6363,-0.0838,0,-0.6084,0.7624,0.2205,0,0.2042,-0.1181,0.9718,0,0,0.0904,0,1]},
{"frame":11,"values":[0.7349,0.6726,-0.0863,0,-0.6414,0.7308,0.2337,0,0.2202,-0.1164,0.9685,0,0,0.0904,0,1]},
{"frame":12,"values":[0.6501,0.7549,-0.0862,0,-0.7146,0.6461,0.2681,0,0.2581,-0.1127,0.9595,0,0,0.0904,0,1]},
{"frame":13,"values":[0.5327,0.8432,-0.0725,0,-0.7903,0.5263,0.3139,0,0.3029,-0.1099,0.9467,0,0,0.0904,0,1]},
{"frame":14,"values":[0.4151,0.909,-0.0384,0,-0.8429,0.4002,0.3596,0,0.3422,-0.117,0.9323,0,0,0.0904,0,1]},
{"frame":15,"values":[0.324,0.9461,0.0027,0,-0.8684,0.2962,0.3976,0,0.3754,-0.1312,0.9175,0,0,0.0904,0,1]},
{"frame":16,"values":[0.2593,0.9652,0.0349,0,-0.8765,0.22,0.4282,0,0.4056,-0.1416,0.903,0,0,0.0904,0,1]},
{"frame":17,"values":[0.2184,0.9742,0.0574,0,-0.876,0.1698,0.4514,0,0.43,-0.1488,0.8905,0,0,0.0904,0,1]},
{"frame":18,"values":[0.1973,0.9778,0.0703,0,-0.8729,0.1426,0.4665,0,0.4462,-0.1534,0.8817,0,0,0.0904,0,1]},
{"frame":19,"values":[0.1913,0.9787,0.0744,0,-0.8712,0.1344,0.4721,0,0.452,-0.1551,0.8784,0,0,0.0904,0,1]},
{"frame":25,"values":[0.2618,0.9641,0.0439,0,-0.856,0.2109,0.4721,0,0.4459,-0.1611,0.8805,0,0,0.0904,0,1]},
{"frame":26,"values":[0.4131,0.9104,-0.0213,0,-0.8027,0.3751,0.4637,0,0.4301,-0.1744,0.8858,0,0,0.0904,0,1]},
{"frame":27,"values":[0.5547,0.8282,-0.0797,0,-0.7239,0.5276,0.4445,0,0.4102,-0.1889,0.8922,0,0,0.0904,0,1]},
{"frame":28,"values":[0.6186,0.7799,-0.0949,0,-0.6794,0.5917,0.434,0,0.3946,-0.204,0.8959,0,0,0.0904,0,1]},
{"frame":29,"values":[0.4422,0.8963,0.0323,0,-0.7279,0.3376,0.5969,0,0.5241,-0.2874,0.8017,0,0,0.0904,0,1]},
{"frame":30,"values":[0.2565,0.9485,0.1859,0,-0.7071,0.053,0.7052,0,0.659,-0.3124,0.6842,0,0,0.0904,0,1]},
{"frame":31,"values":[0.2565,0.9485,0.1859,0,-0.707,0.053,0.7052,0,0.659,-0.3124,0.6842,0,0,0.0904,0,1]},
{"frame":32,"values":[0.2565,0.9485,0.1859,0,-0.7071,0.053,0.7052,0,0.659,-0.3124,0.6842,0,0,0.0904,0,1]},
{"frame":34,"values":[0.2694,0.9482,0.1681,0,-0.7197,0.0823,0.6894,0,0.6399,-0.3067,0.7046,0,0,0.0904,0,1]},
{"frame":35,"values":[0.3017,0.945,0.1264,0,-0.7464,0.1516,0.648,0,0.5932,-0.2898,0.7511,0,0,0.0904,0,1]},
{"frame":36,"values":[0.3424,0.9362,0.0791,0,-0.772,0.2324,0.5916,0,0.5355,-0.2637,0.8023,0,0,0.0904,0,1]},
{"frame":37,"values":[0.3781,0.9248,0.0419,0,-0.7878,0.2976,0.5393,0,0.4863,-0.2369,0.8411,0,0,0.0904,0,1]},
{"frame":38,"values":[0.3933,0.919,0.0271,0,-0.7928,0.3241,0.5162,0,0.4656,-0.2245,0.8561,0,0,0.0904,0,1]},
{"frame":72,"values":[0.3933,0.919,0.0271,0,-0.7928,0.3241,0.5162,0,0.4656,-0.2245,0.8561,0,0,0.0904,0,1]}],"loopBehavior":1,"name":"anim","property":"_matrix"}},
{"name":"Bone.007","index":6,"matrix":[0.3676,0.9297,-0.0214,0,-0.9284,0.3655,-0.0661,0,-0.0536,0.0442,0.9976,0,0,0.0829,0,1],"rest":[0.3676,0.9297,-0.0214,0,-0.9284,0.3655,-0.0661,0,-0.0536,0.0442,0.9976,0,0,0.0829,0,1],"parentBoneIndex":2,"length":0.069
,"animation":{"dataType":3,"framePerSecond":24,"keys":[
{"frame":0,"values":[0.3676,0.9297,-0.0214,0,-0.9284,0.3655,-0.0661,0,-0.0536,0.0442,0.9976,0,0,0.0829,0,1]},
{"frame":1,"values":[0.3294,0.9439,-0.0242,0,-0.9429,0.3275,-0.0614,0,-0.05,0.0431,0.9978,0,0,0.0829,0,1]},
{"frame":2,"values":[0.2571,0.966,-0.0288,0,-0.9654,0.2554,-0.0523,0,-0.0432,0.0413,0.9982,0,0,0.0829,0,1]},
{"frame":3,"values":[0.2175,0.9756,-0.031,0,-0.9753,0.2159,-0.0473,0,-0.0394,0.0406,0.9984,0,0,0.0829,0,1]},
{"frame":4,"values":[0.2934,0.9556,-0.0268,0,-0.9548,0.2916,-0.0574,0,-0.0471,0.0424,0.998,0,0,0.0829,0,1]},
{"frame":5,"values":[0.4295,0.9029,-0.0167,0,-0.901,0.4272,-0.0752,0,-0.0608,0.0474,0.997,0,0,0.0829,0,1]},
{"frame":6,"values":[0.4989,0.8666,-0.0103,0,-0.864,0.4964,-0.0841,0,-0.0678,0.0509,0.9964,0,0,0.0829,0,1]},
{"frame":11,"values":[0.4772,0.8783,-0.0287,0,-0.8765,0.4733,-0.0881,0,-0.0638,0.0672,0.9957,0,0,0.0829,0,1]},
{"frame":12,"values":[0.4211,0.9043,-0.0701,0,-0.9052,0.414,-0.096,0,-0.0578,0.1039,0.9929,0,0,0.0829,0,1]},
{"frame":13,"values":[0.3448,0.9318,-0.1135,0,-0.9369,0.3342,-0.1028,0,-0.0579,0.1418,0.9882,0,0,0.0829,0,1]},
{"frame":14,"values":[0.2657,0.9542,-0.1374,0,-0.9616,0.2523,-0.1077,0,-0.0681,0.1608,0.9846,0,0,0.0829,0,1]},
{"frame":15,"values":[0.2,0.9692,-0.1435,0,-0.9763,0.1848,-0.1127,0,-0.0827,0.1626,0.9832,0,0,0.0829,0,1]},
{"frame":16,"values":[0.1508,0.9775,-0.1478,0,-0.984,0.1341,-0.1172,0,-0.0948,0.1631,0.9821,0,0,0.0829,0,1]},
{"frame":17,"values":[0.1172,0.9816,-0.1505,0,-0.9877,0.0994,-0.1211,0,-0.1039,0.1628,0.9812,0,0,0.0829,0,1]},
{"frame":18,"values":[0.098,0.9835,-0.1519,0,-0.9891,0.0795,-0.1238,0,-0.1097,0.1624,0.9806,0,0,0.0829,0,1]},
{"frame":19,"values":[0.0919,0.9841,-0.1523,0,-0.9895,0.0731,-0.1248,0,-0.1117,0.1622,0.9804,0,0,0.0829,0,1]},
{"frame":25,"values":[0.1118,0.9828,-0.1469,0,-0.988,0.0941,-0.1221,0,-0.1061,0.1588,0.9816,0,0,0.0829,0,1]},
{"frame":26,"values":[0.1554,0.9788,-0.1332,0,-0.9833,0.1403,-0.1159,0,-0.0947,0.149,0.9843,0,0,0.0829,0,1]},
{"frame":27,"values":[0.1985,0.9734,-0.1147,0,-0.9764,0.1862,-0.1095,0,-0.0853,0.1337,0.9873,0,0,0.0829,0,1]},
{"frame":28,"values":[0.2173,0.9716,-0.0941,0,-0.9724,0.2071,-0.1074,0,-0.0848,0.1148,0.9898,0,0,0.0829,0,1]},
{"frame":29,"values":[0.0637,0.9936,-0.0931,0,-0.9886,0.0501,-0.142,0,-0.1364,0.1011,0.9855,0,0,0.0829,0,1]},
{"frame":30,"values":[-0.0901,0.9901,-0.1077,0,-0.9789,-0.108,-0.1737,0,-0.1836,0.0897,0.9789,0,0,0.0829,0,1]},
{"frame":34,"values":[-0.0426,0.9944,-0.0966,0,-0.9846,-0.0582,-0.1647,0,-0.1694,0.0881,0.9816,0,0,0.0829,0,1]},
{"frame":35,"values":[0.0723,0.9948,-0.0717,0,-0.9881,0.0617,-0.141,0,-0.1358,0.0811,0.9874,0,0,0.0829,0,1]},
{"frame":36,"values":[0.2097,0.9767,-0.0458,0,-0.973,0.2038,-0.1087,0,-0.0968,0.0674,0.993,0,0,0.0829,0,1]},
{"frame":37,"values":[0.3219,0.9463,-0.0279,0,-0.9445,0.319,-0.0791,0,-0.0659,0.0518,0.9965,0,0,0.0829,0,1]},
{"frame":38,"values":[0.3676,0.9297,-0.0214,0,-0.9284,0.3655,-0.0661,0,-0.0536,0.0442,0.9976,0,0,0.0829,0,1]},
{"frame":72,"values":[0.3676,0.9297,-0.0214,0,-0.9284,0.3655,-0.0661,0,-0.0536,0.0442,0.9976,0,0,0.0829,0,1]}],"loopBehavior":1,"name":"anim","property":"_matrix"}},
{"name":"Bone.008","index":7,"matrix":[0.7933,-0.3098,0.5241,0,0.5752,0.6633,-0.4787,0,-0.1993,0.6813,0.7044,0,0,0.069,0,1],"rest":[0.9732,-0.2025,0.1094,0,0.2,0.5086,-0.8375,0,0.1139,0.8369,0.5354,0,0,0.069,0,1],"parentBoneIndex":6,"length":0.0998
,"animation":{"dataType":3,"framePerSecond":24,"keys":[
{"frame":0,"values":[0.7933,-0.3098,0.5241,0,0.5752,0.6633,-0.4787,0,-0.1993,0.6813,0.7044,0,0,0.069,0,1]},
{"frame":11,"values":[0.7966,-0.325,0.5097,0,0.5822,0.6394,-0.5022,0,-0.1627,0.6968,0.6985,0,0,0.069,0,1]},
{"frame":12,"values":[0.801,-0.3628,0.4762,0,0.5937,0.5838,-0.5538,0,-0.0771,0.7263,0.683,0,0,0.069,0,1]},
{"frame":13,"values":[0.8001,-0.4101,0.4377,0,0.5995,0.5233,-0.6056,0,0.0193,0.747,0.6646,0,0,0.069,0,1]},
{"frame":14,"values":[0.7943,-0.4512,0.4068,0,0.6014,0.4887,-0.6321,0,0.0864,0.7467,0.6595,0,0,0.069,0,1]},
{"frame":15,"values":[0.786,-0.4795,0.3903,0,0.6068,0.4777,-0.6352,0,0.1181,0.7361,0.6664,0,0,0.069,0,1]},
{"frame":16,"values":[0.7757,-0.4997,0.3854,0,0.6161,0.4675,-0.6339,0,0.1366,0.7292,0.6705,0,0,0.069,0,1]},
{"frame":17,"values":[0.7659,-0.513,0.3877,0,0.6263,0.4589,-0.6302,0,0.1454,0.7255,0.6727,0,0,0.069,0,1]},
{"frame":18,"values":[0.7585,-0.5202,0.3924,0,0.6346,0.4529,-0.6262,0,0.1481,0.724,0.6737,0,0,0.069,0,1]},
{"frame":19,"values":[0.7557,-0.5225,0.395,0,0.638,0.4507,-0.6244,0,0.1482,0.7238,0.6739,0,0,0.069,0,1]},
{"frame":25,"values":[0.7468,-0.5188,0.416,0,0.6534,0.4559,-0.6043,0,0.1239,0.7231,0.6795,0,0,0.069,0,1]},
{"frame":26,"values":[0.725,-0.5112,0.4615,0,0.6852,0.4675,-0.5586,0,0.0698,0.7212,0.6892,0,0,0.069,0,1]},
{"frame":27,"values":[0.7002,-0.5041,0.5055,0,0.7137,0.4793,-0.5108,0,0.0152,0.7184,0.6954,0,0,0.069,0,1]},
{"frame":28,"values":[0.688,-0.5011,0.5249,0,0.7256,0.4846,-0.4885,0,-0.0096,0.717,0.697,0,0,0.069,0,1]},
{"frame":29,"values":[0.7327,-0.6078,0.3061,0,0.6137,0.3958,-0.6832,0,0.294,0.6885,0.663,0,0,0.069,0,1]},
{"frame":30,"values":[0.6966,-0.7124,0.0848,0,0.4388,0.3295,-0.836,0,0.5676,0.6196,0.5422,0,0,0.069,0,1]},
{"frame":34,"values":[0.7384,-0.6686,0.0875,0,0.4196,0.3541,-0.8358,0,0.5278,0.6539,0.5421,0,0,0.069,0,1]},
{"frame":35,"values":[0.8277,-0.5532,0.0939,0,0.3676,0.4082,-0.8356,0,0.424,0.7262,0.5412,0,0,0.069,0,1]},
{"frame":36,"values":[0.9112,-0.3993,0.1013,0,0.2955,0.4623,-0.8361,0,0.287,0.7918,0.5392,0,0,0.069,0,1]},
{"frame":37,"values":[0.9593,-0.2615,0.1071,0,0.229,0.4971,-0.8369,0,0.1656,0.8274,0.5367,0,0,0.069,0,1]},
{"frame":38,"values":[0.9732,-0.2025,0.1094,0,0.2,0.5086,-0.8375,0,0.1139,0.8369,0.5354,0,0,0.069,0,1]},
{"frame":72,"values":[0.9732,-0.2025,0.1094,0,0.2,0.5086,-0.8375,0,0.1139,0.8369,0.5354,0,0,0.069,0,1]}],"loopBehavior":1,"name":"anim","property":"_matrix"}},
{"name":"Bone.009","index":8,"matrix":[0.7178,-0.6793,-0.1526,0,0.696,0.7059,0.1316,0,0.0183,-0.2007,0.9795,0,0,0.0998,0,1],"rest":[0.431,-0.8493,-0.3047,0,0.8503,0.2692,0.4523,0,-0.3021,-0.454,0.8382,0,0,0.0998,0,1],"parentBoneIndex":7,"length":0.1302
,"animation":{"dataType":3,"framePerSecond":24,"keys":[
{"frame":0,"values":[0.7178,-0.6793,-0.1526,0,0.696,0.7059,0.1316,0,0.0183,-0.2007,0.9795,0,0,0.0998,0,1]},
{"frame":11,"values":[0.6861,-0.7094,-0.1614,0,0.7275,0.6665,0.1631,0,-0.0081,-0.2293,0.9733,0,0,0.0998,0,1]},
{"frame":12,"values":[0.6064,-0.7726,-0.188,0,0.792,0.5661,0.2285,0,-0.0701,-0.2875,0.9552,0,0,0.0998,0,1]},
{"frame":13,"values":[0.5071,-0.8315,-0.2268,0,0.851,0.4413,0.2849,0,-0.1368,-0.3375,0.9313,0,0,0.0998,0,1]},
{"frame":14,"values":[0.4258,-0.8666,-0.26,0,0.8893,0.3478,0.2971,0,-0.1671,-0.3577,0.9188,0,0,0.0998,0,1]},
{"frame":15,"values":[0.377,-0.8839,-0.2766,0,0.9123,0.3028,0.2758,0,-0.1601,-0.3563,0.9206,0,0,0.0998,0,1]},
{"frame":16,"values":[0.3465,-0.8942,-0.2834,0,0.9265,0.2788,0.2528,0,-0.147,-0.3502,0.9251,0,0,0.0998,0,1]},
{"frame":17,"values":[0.3302,-0.9001,-0.2842,0,0.9346,0.2696,0.232,0,-0.1322,-0.3422,0.9303,0,0,0.0998,0,1]},
